Antibody_ID,sequences,labels
5wtg,EVKLVESGGGSVKPGGSLKLSCAASGFSFSTYGMSWVRQTPEKRLEWVATISGGGGYTYYPDSVKGRFTISRDNARNILYLQMSSLRSGDTAMYYCARRVTTVAEYYFDYWGQGTTLTVSS DIVLTQSPAIMSASPGEKVTMTCSASSSVSYIHWYQQKSGTSPKRWIYDTSRLAFGVPGRFSGSGSGTSYSLTISSMEAEDAATYYCQQWSSNYTFGGGTNLEIK,neg
6ayn,QVQLKQSGPGLVQPSQSLSITCTVSGFSLTNYGVHWVRQSPGKGLEWLGVIWSGGNTDYNTPFTSRLSINKDNSKSQVFFKMNSLQSNDTAIYYCARALTYYDYEFAYWGQGTLVTVSA DILLTQSPVILSVSPGERVSFSCRASQSIGTNIHWYQQRTNGSPRLLIKYASESISGIPSRFSGSGSGTDFTLSINSVESEDIADYYCQQNNNWPTTFGAGTKLELK,neg
5gkr,QVQLQESGPGLVKSSETLSLTCTVSGGSISSYFWSWIRQPPGKGLEWIGYIYYSGSTNYNPSLKSRVTISLHTSKNQFSLKLSSVTAADTAVYYCARHRNWLFDYWGQGTLVTVSS QSALTQPRSVSGSPGQSVTISCTGTSSDVGGYNYVSWYQQHPGKAPKVMIYDVSKRPSGVPDRFSGSKSGNTASLTISGLQAEDEADYYCCSYAGSYTYVFGTGTKVTVL,pos
6m87,EFQLLESGPELVKPGASVKISCKASGYSFTDYNMNWVKQSNGKSLEWIGVINPNSGTTNYNQKFKDKATLTVDQSSSTAYMQLNSLTSEDSAVYYCARGGGFRRGFDSWGQGTTVTVSS ELVLTQSPAIMSASPGEKVTMTCSASSSVSYVHWYQQKSGTSPKRWIYDTSKLASGVPARFSGSGSGTSYSLTISSMEAEDAATYYCHQWRTNPPTFGAGTKLEIK,neg
3gm0,EVQLQESGPSLVKPSQTLSLTCSVTGDSVTSGYWSWIRQFPGNKLDYMGYISYRGSTYYNPSLKSRISITRDTSKNQVYLQLKSVSSEDTATYYCSYFDSDDYAMEYWGQGTSVTVS QIVLTQSPAIMSASPGEKVTLTCSASSSVSSSHLYWYQQKPGSSPKLWIYSTSNLASGVPARFSGSGSGTSYSLTISSMEAEDAASYFCHQWSSFPFTFGSGTKLEIK,neg
6dcw,QVQLVESGPEMRKPGESLKISCKTSGYIFSDYWTAWVRQLPGKGLQWMGIIYSGDSDTRYHPSVQGHVTMSTDSSLTTAYLQWSSLKASDTGIYYCARLDARVDAGWQLDSWGQGTLVTVSS DIQLTQSPDSLAVSLGERATINCKSSQSVFSRDNNKNYLAWYQHKSGQPPKLLFFWASSRESGVSDRFSGSGSGTDFTLTIDNLQAEDVALYYCQHYFNTPHNFGQGTKLEIK,pos
5f3b,EVQLVESGGGLVKPGGSLKLSCAASGFTFSSYAMSWVRQTPEKRLEWVATISSGGSYTSYPDSVKGRFTISRDNAKNTLYLQMSSLRSEDTAMYYCARQDYAMNYWGQGTLVTVSS DIEMTQSHKFMSTSVGDRVSITCKASQDVSTAVAWYQQKPGQSPKLLLYSASYRYTGVPDRFTGSGSGTDFTFTISSVNAEDLAVYYCQQHYSTPWTFGGGTKVEIK,pos
4zs7,EVQLQESGPGLVKPSQTLSLTCTVSGGSITTRYYAWSWIRQPPGKGLEWMGVIDYDGDTYYSPSLKSRTSISWDTSKNQFSLQLSSVTPEDTAVYYCARDPDVVTGFHYDYWGQGTQVTVSS QAVLTQPPLVSGTPGQTVTISCAGANNDIGTYAYVSWYQQLPGTAPKLLIYKVTTRASGIPSRFSGSKSGNTASLTISGLQSEDEADYYCASYRNFNNAVFGRGTHLTVL,neg
4xbe,QVQLVQSGAEVKRPGSSVTVSCKASGGSFSTYALSWVRQAPGRGLEWMGGVIPLLTITNYAPRFQGRITITADRSTSTAYLELNSLRPEDTAVYYCAREGTTGWGWLGKPIGAFAHWGQGTLVTVSS EIVLTQSPGTQSLSPGERATLSCRASQSVGNNKLAWYQQRPGQAPRLLIYGASSRPSGVADRFSGSGSGTDFTLTISRLEPEDFAVYYCQQYGQSLSTFGQGTKVEVK,pos
4m93,EVQLKESGPGLVQPSQSLSITCTVSGFSLTTYGVHWVRQSPGKGLEWLGVIWSGGSTDYNAAFISRLSISKDNSKSHVFFKMNSLQANDTAIYYCARMRITTDWFAYWGQGTLVTVSA DILMNQTPLSLPVSLGDQASISCRSSQYIVHRNGNTYLEWYLQKPGQSPKLLIYKVSNRFSGVPDRFSGSGSGTDFTLKISRVEAEDLGVYYCFQGSHVPYTFGGGTKLELK,neg
4ma1,EVQLKESGPGLVQPSQSLSITCTVSGFSLTTYGVHWVRQSPGKGLEWLGVIWSGGSTDYNAAFISRLSISKDNSKSHVFFKMNSLQANDTAIYYCARMRITTDWFAYWGQGTLVTVSA DILMNQTPLSLPVSLGDQASISCRSSQYIVHRNGNTYLEWYLQKPGQSPKLLIYKVSNRFSGVPDRFSGSGSGTDFTLKISRVEAEDLGVYYCFQGSHVPYTFGGGTKLELK,neg
5ocy,QVQLEESGPGLVRPSETLSLSCTVSGFPMSESYFWGWIRQSPGKGLEWLGSVIHTGTTYYRPSLESRLTIAMDPSKNQVSLSLTSVTVADSAMYYCVRIRGGSSNWLDPWGPGIVVTASS ESVWTQPPSVSAAPGQKVTISCSGDDSILRSAFVSWYQQVPGSAPKLVIFDDRQRPSGIPARFSGSNSGTTATLDIAGLQRGDEADYYCAAWNGRLSAFVFGSGTKLTVL,neg
2a6i,EVQLQQSGAELVRAGSSVKMSCKASGYTFTSYGINWVKQRPGQGLEWIGYINPGNGYTKYNEKFKGKTTLTVDKSSSTAYMQLRSLTSEDSAVYFCARSVYYGGSYYFDYWGQGTTLTVSS DIQMTQTTSSLSASLGDRVTISCRASQDISNYLNWYQQKPDGTVKLLIYYTSRLHSGVPSRFSGSGSGTDYSLTISNLEQEDIATYFCQQGNTLPRTFGGGTKLEIK,pos
5cip,VQLVQSGAEVKRPGSSVTVSCKASGGSFSTYALSWVRQAPGRGLEWMGGVIPLLTITNYAPRFQGRITITADRSTSTAYLELNSLRPEDTAVYYCAREGTTGWGWLGKPIGAFAHWGQGTLVTVSS EIVLTQSPGTQSLSPGERATLSCRASQSVGNNKLAWYQQRPGQAPRLLIYGASSRPSGVADRFSGSGSGTDFTLTISRLEPEDFAVYYCQQYGQSLSTFGQGTKVEVK,neg
1mim,QLQQSGTVLARPGASVKMSCKASGYSFTRYWMHWIKQRPGQGLEWIGAIYPGNSDTSYNQKFEGKAKLTAVTSASTAYMELSSLTHEDSAVYYCSRDYGYYFDFWGQGTTLTVSS QIVSTQSPAIMSASPGEKVTMTCSASSSRSYMQWYQQKPGTSPKRWIYDTSKLASGVPARFSGSGSGTSYSLTISSMEAEDAATYYCHQRSSYTFGGGTKLEIK,pos
1yeh,EMQLQQSGAELLRPGTSVKLSCKTSGYIFTSYWIHWVKQRSGQGLEWIARIYPGTGSTYYNEKFKGKATLTADKSSSTAYMQLSTLKSEDSAVYFCTRWGFIPVREDYVMDYWGQGTLVTVSS DIVMTQSPLTLSVTIGQPASISCKSSQSLLYSNGKTYLNWLLQRPGQSPKRLIHLVSKLDSGVPDRITGSGSGTDFTLKISRVEAADLGVYYCVQGTHFPYTFGGGTKLEIL,neg
2vq1,QITLEESGPGILQPSQTLSLTCSFSGFSLSSSAMSVGWIRQPSGKGLEWLAHIWWNDDKYYNPALKSRLTVSKDSSDNQVFLKIASVVTADTATYYCARIPGFGFDYWGQGTTLTVSS DVVMTQTPLSLSVSLGDQASISCRSSQSLVHSNGNTFLQWYLQKPGQSPKLLIYKVSNRFSGVPDRFSGSGSGTDFTLKISRMEAEDLGIYFCSQTTHVPWTFGGGTKLEIKRA,neg
4o51,ESVEESGGRLVTPGTPLTLTCTVSGFSLSSYPMNWVRQAPGKGLEWIGGIGTSGNIWYASWAKGRFIISRASSTTVDLKVTSPTTEDTATYFCARGLYNDYTVWGPGTLVTVSS EVLTQTPSSVSAAVGGTVTINCQASQSVYNKNYLAWYQQKPGQPPKRLIYSASTLASGVSSRFKGSGSGTQFTLTISDVQADDVATYYCLGSYDQAAHAFGGGTKVVVE,pos
2vh5,EVQLLESGGGLVQPGGSLRLSAAASGFTFSTFSMNWVRQAPGKGLEWVSYISRTSKTIYYADSVKGRFTISRDNSKNTLYLQMNSLRAEDTAVYYVARGRFFDYWGQGTLVTVS IQMTQSPSSLSASVGDRVTITVRASQSISSYLNWYQQKPGEAPKLLIYSASVLQSGVPSRFSGSGSGTDFTLTISSLQPEDFATYYAQQSVMIPMTFGQGTKVE,neg
5x5x,QVKLQQSGAEFVKAGASVKLSCKTSGYTFNNYWIHWVKQSPGQGLEWIGEIDPSDGYSNYNQKFKGKATLTVDKSSSTAYMHLNSLTSEDSAVYYCTSSTSVGGSWGQGTTVTVSS DIELTQSPLSLPVSLGDQASISCTSSQSLLHSNGDTYLHWYLQKPGQSPKLLIYTLSNRFSGVPDRFSGSGSGTDFTLKISRVEAADLGIYFCSQTTHVPYTFGGGTKLEIK,neg
6mnr,EVHLVESGGGLVQPGGSLRLSCEVSGLTFSNSWMSWVRQAPGKGLEWVGFIKTKADGGTAAYAESVKGRFTISRDDSKNTVFLQMKSLKTEDTAVYYCQGAVVISHEYIEIWGQGALVTVSS QSVLTQPPSASEAARKSVTISCSGGSSNIGDDSVSWYQQVPGTAPKLLIYYNDRRASGVSDRFSGSKSGTSASLAINGLQSEDEADYYCAAWDDSLSAYIFGSGTRLTVL,neg
6db5,QVQLVQSGAEVKKPGASVKVSCKASGYTFTNYAIHWVRQAPGHRLEWMGWINGGDGNTKYSQKLQGRVTITRDTSASTAYMELSSLRSEDSAVYYCMRAYYYGSRGLVDDALDVWGQGTLVTVSS SYELTQPPSVSVSPGQTARITCSGDELPKKYAYWYQEKSGQAPVLIIYEDSKRPSGIPERFSGSSSGTMATLTISGAQVEDEADYYCFSTDSSGDLWVFGGGTKLTVL,neg
4lsu,EVHLMQSGTEMKKPGASVRVTCQTSGYTFSDYFIHWLRQVPGRGFEWMGWMNPQWGQVNYARTFQGRVTMTRDVYREVAYLDLRSLTFADTAVYFCARRMRSQDREWDFQHWGQGTRIIVSS QSALTQPPSVSGSPGQSITLSCTGASTSVAWYQQYADKAPRLIVFDGNKRPSDISSRFSGSQSGGTASLTISGLQSEDEAYYHCNAFEFFGGGTKLTVL,neg
2bjm,EVQLQQSGAELVKPGASVKLSCKASGYTFTSYWMHWVKQRPGRGLEWIGRIDPNGGGTKYNEKFKSKATLTVDKPSSTAYMQLSSLTSEDSAVYYCARMWYYGTYYFDYWGQGTTLTVSS QAVVTQESALTTSPGETVTLTCRSSTGAVTTSNYANWVQEKPDHLFTGLIGGTNNRAPGVPARFSGSLIGNKAALTITGAQTEDEAIYFCALWYSNHLVFGGGTKLTVL,neg
4rdq,QVQLQQSGPELVRPGASVKMSCKASGYTFTNYWMHWVKQRPGQALEWIGMIDPSKSETTLNQKFRGKATLNVDKSSNTAYMQLSSLTSEDSAVYYCAREVYYFDYWGQGTTLTVSS DIQMTQSPASLSASVGETVTITCRASENIYSYLTWYQQKQGKSPQLLVYNAKTLTEGVPSRFSGSGSGTQFSLKINSLQPEDFGGYFCQHHYGTPPTFGGGTKLEVK,neg
4rav,QVQLQESGGGLVQPGGSLRLSCAASGFTFSSYSMSWVRQAPGKGLEWVAVISYDGSNKYYADSVKGRFTISRDNSKNTLYLQMNSLRAEDTAVYYCARDRYFDLWGRGTLVTVSS QSALTQPASVSGSPGQSITISCTGTSSDIGAYNYVSWYQQYPGKAPKLLIYDVSNRPSGISNRFSGSKSGDTASLTISGLQAEDEADYYCSSFANSGPLFGGGTKVTVL,neg
6b5p,EVQLVQSGSELKKPGASVKVSCKTSGYTFTTYAMNWVRQAPGQGLEWMGWINTNTGNPTYAPGFTGRFVFSFDTSVSTAYLQISSLKAEDTAVYYCARVYSYGVPFDYWGQGTLVTVSS QSVLTQPASVSGSPGQSITISCTATSSNVGSFNLVSWYQHHPGKAPKLIIHEVSKRPSGASNRFSGSKSGNTASLTISGLQAEDEADYYCCSYVGSDTWVFGGGTKLTVL,neg
6ieb,QVQLQESGPGLVKPSETLSLTCTVSGGSISTYYWSWIRQPPGKGLEWIGYIYYSGSTNYNPSLKTRVTISVDTSKNQFSLKLSSVTAADTAVYYCARSDYGDLIFDYWGQGTLVTVSS LPVLTQPPSVSVSPGQTASITCSGDKLGDKYVCWYQQKPGQSPVLVIYQDSKRPSGIPERFSGSNSGNTATLTISGTQAMDEADYYCQACDSSTVFGGGTKLTVL,neg
4lsq,QVQLVQSGAAVRKPGASVTVSCKFAEDDDYSPYWVNPAPEHFIHFLRQAPGQQLEWLAWMNPTNGAVNYAWYLNGRVTATRDRSMTTAFLEVKSLRSDDTAVYYCARAQKRGRSEWAYAHWGQGTPVVVSS DIQMTQSPSSLSASLGDRVTITCQASRGIGKDLNWYQQKAGKAPKLLVSDASTLEGGVPSRFSGSGFHQDFSLTISSLQAEDVATYFCQQYETFGQGTKVDIK,neg
5esq,QVQLKQSGPGLVQPSQSLSITCTVSGFSLTNYGVHWVRQSPGKGLEWLGVIWSGGNTDYNTPFTSRLSINKDNSKSQVFFKMNSLQSNDTAIYYCARALTYYDYEFAYWGQGTLVTVSA DILLTQSPVILSVSPGERVSFSCRASQSIGTNIHWYQQRTNGSPRLLIKYASESISGIPSRFSGSGSGTDFTLSINSVESEDIADYYCQQNNNWPTTFGAGTKLELK,neg
5i1i,EVQLVETGGGLIQPGGSLRLSCAASGFTVSSNYMSWVRQAPGKGLEWVSVIYSGGSTYYADSVKGRFTISRDNSKNTLYLQMNSLRAEDTAVYYCARYDGIYGELDFWGQGTLVTVSS DIVMTQSPDSLAVSLGERATINCKSSQSVLYSSNNKNYLAWYQQKPGQPPKLLIYWASTRESGVPDRFSGSGSGTDFTLTISSLQAEDVAVYYCQQYYSTPLTFGQGTKVEIK,neg
4fqc,QMQLQESGPGLVKPSETLSLTCSVSGASISDSYWSWIRRSPGKGLEWIGYVHKSGDTNYSPSLKSRVNLSLDTSKNQVSLSLVAATAADSGKYYCARTLHGRRIYGIVAFNEWFTYFYMDVWGNGTQVTVSS SDISVAPGETARISCGEKSLGSRAVQWYQHRAGQAPSLIIYNNQDRPSGIPERFSGSPDSPFGTTATLTITSVEAGDEADYYCHIWDSRVPTKWVFGGGTTLTVL,neg
1tjg,RITLKESGPPLVKPTQTLTLTCSFSGFSLSDFGVGVGWIRQPPGKALEWLAIIYSDDDKRYSPSLNTRLTITKDTSKNQVVLVMTRVSPVDTATYFCAHRRGPTTLFGVPIARGPVNAMDVWGQGITVTISS ALQLTQSPSSLSASVGDRITITCRASQGVTSALAWYRQKPGSPPQLLIYDASSLESGVPSRFSGSGSGTEFTLTISTLRPEDFATYYCQQLHFYPHTFGGGTRVDVR,neg
5wtt,DVQLQESGPDLVKPSQSPSLTCTVTGYSITSDYSWHWIRQFPGDKLEWMGYIHYSGSTNYNPSLKSRISITRDTSKNQFFLQLSSVTIEDTATYYCARGTIYEGSLDYWGQGTTLTVSS DVVMTQTPLTLSVTIGQPASISCKSSQSLLYSDGKTYLNWLFQRPGQSPKRLIYLVSKLDSGVPDRFTGSGSGIDFKLKISRVEAEDLGVYYCVQGTHFPQTFGGGTKLEIK,neg
2uzi,EVQLLESGGGLVQPGGSLRLSCAASGFTFSTFSMNWVRQAPGKGLEWVSYISRTSKTIYYADSVKGRFTISRDNSKNTLYLQMNSLRAEDTAVYYCARGRFFDYWGQGTLVTVS IQMTQSPSSLSASVGDRVTITCRASQSISSYLNWYQQKPGEAPKLLIYSASVLQSGVPSRFSGSGSGTDFTLTISSLQPEDFATYYCQQSVMIPMTFGQGTKVE,neg
4jn2,QVQLQESGPGLVKPSETLSLTCTVSGFSLTSYIVDWIRQPPGKGLEWIGVIWAGGSTGYNSALRSRVSITKDTSKNQFSLKLSSVTAADTAVYYCASAAYYSYYNYDGFAYWGQGTLVTVSS DVVMTQSPLSLPVTLGQPASISCKSSQSLLYTDGKTYLYWFLQRPGQSPRRLIYLVSKLDSGVPDRFSGSGSGTDFTLKISRVEAEDVGVYYCLQSTHFPHTFGGGTKVEIK,neg
2xtj,QVQLVQSGAEVKKPGSSVKVSCKASGGTFNSHAISWVRQAPGQGLEWMGGINPILGIANYAQKFQGRVTITADESTSTAYMELSSLRSEDTAVYYCARHYEIQIGRYGMNVYYLMYRFASWGQGTLVTVSS DIQMTQSPSSLSASVGDRVTITCRASQGIRSALNWYQQKPGKAPKLLIYNGSTLQSGVPSRFSGSGSGTDFTLTISSLQPEDFAVYYCQQFDGDPTFGQGTKVEIK,neg
6idh,EVQLQQSGTVLARPGASVKMSCKASGYTFTNYWMHWIKQRPGQGLEWIGTIYPGNSDTTYSQKFKGKAKLTAVTSTSTAYMELSSLTNEDSAVYYCSRRNYGSSYAMDYWGQGTSVTVSS DVLMTQTPLSLPVSLGDQASISCRSSQNIVHSNGYTYLEWYLQKPGQSPKLLIYTVSNRFSGVPDRFSGSGSGTDFTLKISRVEAEDLGVYYCFRGSHVPTFGGGTKLEIK,neg
6cbp,QVQLVQSGAQMKNPGASVKVSCAPSGYTFTDFYIHWLRQAPGQGLQWMGWMNPQTGRTNTARNFQGRVTMTRDTSIGTAYMELRSLTSDDTAIYYCTTGGWISLYYDSSYYPNFDHWGQGTLLTVS TSALTQPASVSGSPGQSITISCTGTKYDVGSHDLVSWYQQYPGKVPKYMIYEVNKRPSGVSNRFSGSKSGNTASLTISGLRAEDEADYYCCSFGGSATVVCGGGTKVTVH,neg
5ig7,EVQLLESGGGLVQPGGSLRLSCAASGFTFSTYAMSWVRQAPGKGLEWVSGISGSGGSTYYADSVKGRFTTSRDNSKNTLYLQMNSLRAEDTAVYYCAKFSGKDCSGTSCRDYWGQGTLVTVSS QLVLTQSPSASASLGASVRLTCTLSSGHSSYVIAWHQQQSEKGPRYLMKVNSDGSHSKGDGIPDRFSGSSSGAERYLTISSLQSEDEADYYCQTWGAGILVFGGGTKLTVL,neg
1ikf,EVKLVESGGGLVQPGGSLKLSCATSGFTFSDYYMYWVRQNSEKRLEWVAFISNGGGSAFYADIVKGRFTISRDNAKNTLYLQMSRLKSEDTAMYYCTRHTLYDTLYGNYPVWFADWGQGTLVTVSA DIQMTQTTSSLSASLGDRVTISCRASQDISTYLNWYQQKPDGTVKLLIFYTSRLRSGVPSRFSGSGSGTDYSLTISNLEQEDIATYFCQQGSRIPPTFGGGTKLEIL,neg
5f96,QVRLAQYGGGVKRLGATMTLSCVASGYTFNDYYIHWVRQAPGQGFELLGYIDPANGRPDYAGALRERLSFYRDKSMETLYMDLRSLRYDDTAMYYCVRNVGTAGSLLHYDHWGSGSPVIVSS EIVLTQSPATLSASPGERVTLTCRASRSVRNNVAWYQHKGGQSPRLLIYDASTRAAGVPARFSGSASGTEFTLAISNLESEDFTVYFCLQYNNWWTFGQGTRVDIK,neg
1cfs,QDQLQQSGAELVRPGASVKLSCKALGYIFTDYEIHWVKQTPVHGLEWIGGIHPGSSGTAYNQKFKGKATLTADKSSTTAFMELSSLTSEDSAVYYCTRKDYWGQGTLVTVSA DIKMTQSPSSMYTSLGERVTITCKASQDINSFLTWFLQKPGKSPKTLIYRANRLMIGVPSRFSGSGSGQTYSLTISSLEYEDMGIYYCLQYDDFPLTFGAGTKLDLK,neg
4jzn,QVQLVQSGAEVKKPGSSVKVSCEASGGTLSNYVITWVRQAPGQGLEWMGGFIPTFRTAMYAQGFQGRVTITADESTSIAYMELTNLRSEDTAVYYCARGPLSRGYYDYWGQGTLVTVSS SYVLTQPPSVSVAPGKTARITCGGNNIGSKSVHWYQQKPGQAPVLVVYDDSDRPSGIPERFSGSNSGNTATLTISRVEAGDEADYYCQVWDSSSVVFGGGTKLTVL,neg
5ogi,QVQLVQSGAEDKKPGASVKVSCKVSGFSLGRYGVHWVRQAPGQGLEWMGVIWRGGTTDYNAKFQGRVTITKDDSKSTVYMELSSLRSEDTAVYYCARQGSNFPLAYWGQGTLVTVSS DIVMTQSPSSLSASVGDRVTITCKASQSVTNDAAWYQKKPGKAPKLLIYQASTRYTGVPSRFSGSGYGTDFTLTISSLQPEDFATYFCHQDYSSPLTFGQGTKVEIK,neg
4xc3,QVQLVQSGAEVKRPGSSVTVSCKASGGSFSTYALSWVRQAPGRGLEWMGGVIPLLTITNYAPRFQGRITITADRSTSTAYLELNSLRPEDTAVYYCAREGTTGWGWLGKPIGAFAHWGQGTLVTVSS EIVLTQSPGTQSLSPGERATLSCRASQSVGNNKLAWYQQRPGQAPRLLIYGASSRPSGVADRFSGSGSGTDFTLTISRLEPEDFAVYYCQQYGQSLSTFGQGTKVEVK,pos
5ggt,QVQLVQSGAEVKKPGSSVKVSCKTSGDTFSTYAISWVRQAPGQGLEWMGGIIPIFGKAHYAQKFQGRVTITADESTSTAYMELSSLRSEDTAVYFCARKFHFVSGSPFGMDVWGQGTTVTVSS EIVLTQSPATLSLSPGERATLSCRASQSVSSYLAWYQQKPGQAPRLLIYDASNRATGIPARFSGSGSGTDFTLTISSLEPEDFAVYYCQQRSNWPTFGQGTKVEIK,pos
1mnu,EVNLQQSGTVLARPGASVRMSCKASGYSFTSYWLHWIKQRPGQGLEWIGGIYPGNRDTRYTQRFKDKAKLTAVTSANTAYMELSSLTNEDSAVYYCSIIYFDYADFIMDYWGQGTTVTVSS DIVMTQTPLSLPVSLGDKASISCRSSQALVHSNGNTYLHWYLQKPGQSPKLLIYKVSNRFSGVPDRFSGSGSGTDFTLKISRVEAEDLGVFFCSQSTHVPRTFGGGTKLEIK,neg
1ynk,RVQLLESGAELMKPGASVQISCKATGYTFSEYWIEWVKERPGHGLEWIGEILPGSGRTNYREKFKGKATFTADTSSNTAYMQLSSLTSEDSAVYYCTRGYSSMDYWGQGTSVTVSA ELVMTQSPLSLPVSLGDQASISCRPSQSLVHSNGNTYLHWYLQKPGQSPKLLIYRVSNRFSGVPDRFSGSGSGTAFTLKISRVEAEDLGVYFCSQGTHVPYTFGGGTKLELK,neg
5y2k,QVQLVESGGGVVQPGTSLRLSCEASGFTSSAYAMHWVRQAPGKGLEWVAVITFDGGYQYYADSVKGRFTISRDISRNTLHLHMNSLRAEDTAVYYCARDPLTKLLPFDWVSGGYFDYWGQGTLVTVSS SYELTQPPSVSVSPGQTASITCSGDKLGDKYACWYQQKPGQSPVLVIYQDSKRPSGIPERFSGSNSGNTATLTISGTQAMDEADYYCQAWDSSTVVFGTGTKVTVL,neg
4f33,EVQLQQSGPELEKPGASVKISCKASGYSFTGYTMNWVKQSHGKSLEWIGLITPYNGASSYNQKFRGKATLTVDKSSSTAYMDLLSLTSEDSAVYFCARGGYDGRGFDYWGSGTPVTVSS DIELTQSPAIMSASPGEKVTMTCSASSSVSYMHWYQQKSGTSPKRWIYDTSKLASGVPGRFSGSGSGNSYSLTISSVEAEDDATYYCQQWSKHPLTFGSGTKVEIK,pos
6mqs,QVQLQESGPGLVKPSETLSLTCGVSGGSISDAYYWSWIRQSPGKRLEWIGYIFGSNGGTRYNPSLRSRVSISIDTSKNQLSLKLTSVTAADTAVYYCVREGVPTEATTGDHWGQGVPVTVSS QFVLTQPPSMSGAPGQRVTISCTGTNSNIGVNYVQWYQQFPGTAPKLLIYENYKRPSGISDRFSGSQSGSSASLTITGLQSEDEADYYCQSYDISLGAHVFGSGTELTVL,neg
2f5b,RITLKESGPPLVKPTQTLTLTCSFSGFSLSDFGVGVGWIRQPPGKALEWLAIIYSDDDKRYSPSLNTRLTITKDTSKNQVVLVMTRVSPVDTATYFCAHRRGPTTLFGVPIARGPVNAMDVWGQGITVTISS ALQLTQSPSSLSASVGDRITITCRASQGVTSALAWYRQKPGSPPQLLIYDASSLESGVPSRFSGSGSGTEFTLTISTLRPEDFATYYCQQLHFYPHTFGGGTRVDVR,neg
3dgg,EVKLQQSGPELVKPGASVKMSCKASGYTFTSYVMHWVKQKPGQGLEWIGYINPYNDDTNYNEKFKGKATLTSDKSSSTAYMELSSLTSEDSAVYYCAREDYYGSRWGYWGQGTTLTVSS DIVLTQSPASLAVSLGQRATISCRASKSVSTSGYSYMHWYQQKPGQPPKLLIYLASNLESGVPARFSGSGSGTDFTLNIHPVEEEDAATYYCQHSRELLTFGAGTKLELK,neg
5kzp,EVQLLESGGGVVQPGRSLRLSCTASGFTFNNYGMHWVRQTPGKGLEWLAVIWFDENNKYYADSVRGRFTISRDNSKNTLFLQMNSLKTEDTAMYYCARDISLVRDAFIYFDFWGLGTLVTVSS ELTLTQSPATLSLSPGERATLSCRASQSVSSYLAWYQQKPGQAPRLLIYDASNRATGIPARFSGSGSGTDFTLTISSLEPEDFAVYYCQQRSNWITFGQGTRLEIK,neg
3eyo,QVRLVESGGGVVQPGGSLRLSCEGSGFKFGDHGIHWVRQAPGEGLQWLTVISSDGTDERYTDSVKGRFTISRDNSKNTMSLQMNNLRPEDMGLYYCARDGKCGGGRCYSGLLDYWGQGTMVTVSS EIVLTQSPATLSLSPGERATLSCRASQSVGGYLTWYQHKPGQAPRLLIFDASIRATGIPARFSGSGSGTDFTLTITRLEPEDFAVYYCQQRSMWPPVTFGQGTKLEIK,neg
6bf4,EVQLVESGGGLVQPGGSLRLSCAASGFPFNRDWMTWVRQAPGKGLEWVANINMDGDKKDYVDSVKGRFTISRDNAKTSLYLQMNSLRAGDTAVYYCARIRQVSKYLQWYPGVFEMWGQGTMVTVSS DIVMTQSPDSLAVSLGERATIHCKSSQSVLYRPNNRNYVAWYQQKPGQPPRLLIHWASFRESGVPDRFTGSGSGTDFTLTISSLQAEDVAVYYCQQYFFLYSFGGGTKLEIN,neg
5eor,QVQLKQSGPGLVQPSQSLSITCTVSGLSLTSYGVHWVRQSPGKGLEWLGVIWSGGNTDYNAAFISRLSISKDNSKNQVFFKMNSLRADDTAIYYCAIYYRYGAYWGQGTLVTVSA QLVLTQSSSASFSLGASAKLTCTLSSQHSTYTIDWYQQQPLKPPKYVMELRRDGSHNTGDGIPDRFSGSSSGADRYLSISNIQPEDEAIYICGVGDTIKEQFVYVFGGGTKVTVL,neg
2hkf,EVQVVESGGGLVQPKGSLKLSCVVSGSTLNNYAMNWVRQAPGKGLEWVARIRSKSNNYATYYADSVKDRFTISRDDSQSMIYLQMNNLKTEDTAMYYCVTYGNHPFAYWGQGTLVTVSA DVVMTQTPLSLPVSLGDQASISCRSSQSLVHSNGNTYLHWYLQKPGQSPNLLIYKVSNRFSGVPDRFSGSGSGTDFTLKISRVEAEDLGVYFCSQSTHVPFTFGSGTKLEIK,neg
4ut7,EVQLVESGGGLVRPGGSLRLSCAASGFSYSNHWMHWVRQAPGKGLVWVSRINSDGSTRNYADFVKGRFTISRDNAENTLYLEMNSLTADDTAVYYCVRDGVRFYYDSTGYYPDSFFKYGMDVWGQGTTVTVSS QSVLTQPVSVSGSPGQSITISCTGTSSNADTYNLVSWYQQRPGKAPKLMIYEGTKRPSGVSNRFSASKSATAASLTISGLQPEDEADYYCCSYATSRTLVFGGGTKLTVV,neg
3idi,RITLKESGPPLVKPTQTLTLTCSFSGFSLSDFGVGVGWIRQPPGKALEWLAIIYSDDDKRYSPSLNTRLTITKDTSKNQVVLVMTRVSPVDTATYFCAHRRGPTTLFGVPIARGPVNAMDVWGQGITVTISS ALQLTQSPSSLSASVGDRITITCRASQGVTSALAWYRQKPGSPPQLLIYDASSLESGVPSRFSGSGSGTEFTLTISTLRPEDFATYYCQQLHFYPHTFGGGTRVDVR,neg
4uv7,EVQLVESGGGVVQPGGSLRLSCAASGFTFSDYDMSWIRQAPGKGLEWVSGILGGSERSYYRDSVKGRFTISRDNSRKTLYLQMNSLRAEDTAVYYCARHGSPGYTLYAWDYWGQGTTVTVSS DIVMTQTPLSLPVTPGEPASISCRSNQDLTHSNGNTYLEWYLQKPGQSPRLLIYKVSNRFSGVPDRFSGSGAGTDFTLRISRVEAEDVGVYYCMQGTHWPWTFGQGTKVDIK,neg
5dfw,EVRLHQSAAQLVQPGASVRLSCTTSGFNFKDSYLHWVKQRPAQGLEWIGRIDTGNGNVKFDPKFQDKATITTDIPSMTAYLHLSNLTSEDTAVYYCVPYGYGFHSWGDGTTLTVSS DIQMTQSPASLSVSVGETVTITCRASENIYRTLAWYLQKQGKSPQLLVYGATTLADGVPSRFSGSGSGTQYYLKINSLQSEDFGTYHCQHFWGTPWTFGGGTKVEIK,neg
5u3d,EVQLVESGGGLVQPGGSLRLSCAASGFNIKDTYIHWVRQSPGKGLEWVARIYPTNGYTRYADSVKGRFTISADTSKNTAYLQMNSLRAEDTAIYYCSRWGGDGFYAMDYWGQGTLVTVSS DIQMTQSPILLSASVGDRVTITCRASQDVNTAVAWYQQRTNGSPRLLIYSASFLYSGVPSRFSGSRSGTDFTLTISSLQPEDEADYYCQQHYTTPPTFGAGTKVEIK,neg
4kaq,EVQLQQPGAELVKPGASVKMSCKASGYTFTSYNMHWVKQTPGRGLEWIGAIYPGNGDTSYNQKFKGKATLTADKSSSTAYMQLSSLTSEDSAVYYCARSTYYGGDWYFNVWGAGTTVTVSA QIVLSQSPAILSASPGEKVTMTCRASSSVSYIHWFQQKPGSSPKPWIYATSNLASGVPVRFSGSGSGTSYSLTISRVEAEDAATYYCQQWTSNPPTFGGGTKLEIK,neg
4hkx,QVQLVQSGAEVRKPGASVKVSCKASGYTFTDNYIHWVRQAPGQGLEWMGWIHPNSGATKYAQKFEGWVTMTRDTSISTVYMELSRSRSDDTAVYYCARAGLEPRSVDYYFYGLDVWGQGTAVTVSS QSALTQPPSVSVAPGQTATITCGGNNIGRKRVDWFQQKPGQAPVLVVYEDSDRPSGIPERFSDSNSGTTATLTISRVEAGDEADYYCQVWDSDSDHVVFGGGTKLTVL,neg
2dqi,DVQLQESGPSLVKPSQTLSLTCSVTGDSITSDYWSWIRKFPGNRLEYMGYVSYSGSTYYNPSLKSRISITRDTSKNQYYLDLNSVTTEDTATYYCANWDGDYWGQGTLVTVSA DIVLTQSPATLSVTPGNSVSLSCRASQSIGNNLHWYQQKSHESPRLLIKAASQSISGIPSRFSGSGSGTDFTLSINSVETEDFGMYFCQQSNSWPYTFGGGTKLEIK,neg
2aab,DVQLVESGGGLVQPGGSRKLSCAASGFTFSSFGMHWVRQAPEKGLEWVAYISSDSSNIYYADTVKGRFTISRDNPKNTLFLQMTSLRSEDTAMYYCARSNYVGYHVRWYFDVWGAGTTVTVSS DIQLTQSPASLAVSLGQRVTISCRASESVEYYGSSLMQWYQQKPGQPPKLLIYAASNVESGVPARFSGSGSGTDFSLNIHPVEEDDIAMYFCQQSRKIPYTFGGGTKLEIK,neg
3gjf,EVQLLESGGGLVQPGGSLRLSCAASGFTFSTYQMSWVRQAPGKGLEWVSGIVSSGGSTAYADSVKGRFTISRDNSKNTLYLQMNSLRAEDTAVYYCAGELLPYYGMDVWGQGTTVTVSS QSELTQPRSVSGSPGQSVTISCTGTSRDVGGYNYVSWYQQHPGKAPKLIIHDVIERSSGVPDRFSGSKSGNTASLTISGLQAEDEADYYCWSFAGSYYVFGTGTDVTVL,neg
1jhk,QIQLVQSGPELKKPGETVRISCKASDYSFMTSGMQWVQQMPGKGLKWIGWLNTQSGVPEYAEDFKGRFAFSLETSATTAYLQINNLKNEDTATYFCATWGGNSAYWGQGTTLTVSS DIQMTQSPASLSASVGETVTITCRASGNIHNYLAWYQQKQGKSPQLLVYNAKTLADGVPSRFSGSGSGTQYSLKINSLQPEDFGTYYCHHFWSTPWTFGGGTKLEVK,neg
4fqj,QVQLVQSGAEVKKPGASVRVSCRASGYIFTESGITWVRQAPGQGLEWMGWISGYSGDTKYAQKLQGRVTMTKDTSTTTAYMELRSLRYDDTAVYYCARDVQYSGSYLGAYYFDYWSPGTLVTVSS QSVLTQPPSASGTPGQRVTISCSGSSSNIGTNYVYWYQQFPGTAPKLLIYRSYQRPSGVPDRFSGSKSGSSASLAISGLQSEDEADYYCATWDDSLDGWVFGGGTKLTVL,neg
6fab,EVQLQQSGVELVRAGSSVKMSCKASGYTFTSNGINWVKQRPGQGLEWIGYNNPGNGYIAYNEKFKGKTTLTVDKSSSTAYMQLRSLTSEDSAVYFCARSEYYGGSYKFDYWGQGTTLTVSS DIQMTQIPSSLSASLGDRVSISCRASQDINNFLNWYQQKPDGTIKLLIYFTSRSQSGVPSRFSGSGSGTDYSLTISNLEQEDIATYFCQQGNALPRTFGGGTKLEIK,neg
5k9j,QVQLQQSGPGLVKPSQTLSLTCVISGDTVSSNRAAWNWIRQSPSRGLEWLGRTYYRSKWYTDYAVSVKSRITITPDTSKNQFSLQMKSVTPEDTAVYYCARGSAMIFGIVIILESWGQGTLVTVSS EIVLTQSPGTLSLSPGERATLSCRASQSVASSYLAWYQQKPGQAPRLLIYGASSRATGVPDRFSGSGSGTDFILTISRLEPEDFAVYYCQQYDGSQYTFGQGTKLEIK,neg
4yx2,QVQLQQSGTELVMPGASVKMSCKASGYTFTDYWMHWVKQRPGQGLEWIGSIDPSDSYTSHNEKFKGKATLTVDESSSTAYMQLSSLTSEDSAVYFCSRSGYGYYAMEYWGQGTSVTVSS DIVLTQSPAILSVSPGERVSFSCRASQNIGTSIHWYQQRTNESPRLIIKYASESISGIPSRFSGSGSGTDFTLSINSVESEDIADYYCQQSNTWPYTFGGGTKLELK,neg
1za6,QVQLVQSGAEVVKPGASVKISCKASGYTFTDHAIHWVKQNPGQRLEWIGYFSPGNDDFKYNERFKGKATLTADTSASTAYVELSSLRSEDTAVYFCTRSLNMAYWGQGTLVTVSS DIVMSQSPDSLAVSLGERVTLNCKSSQSLLYSGNQKNYLAWYQQKPGQSPKLLIYWASARESGVPDRFSGSGSGTDFTLTISSVQAEDVAVYYCQQYYSYPLTFGAGTKLELK,pos
4x0k,QVQLQQSGPEDVKPGASVKISCKASGYSLSTSGMGVNWVKQSPGKGLEWLAHIYWDDDKRYNPSLKSRATLTVDKSSSTVYLELRSLTSEDSSVYYCARRGGSSHYYAMDYWGQGTTVTVSS DIVMTQTPSSLPVSLGDQASISCRSSQSIVHSNGNTYLEWYLQKPGQSPKLLIYKVSNRFSGVPDRFSGSGSGTDFTLKISRVEAEDLGIYYCFQGSLVPPTFGAGTKLELK,pos
1mrd,QVQLQQSGAELVKPGASVKLSCKASGYTFTSYWMQWVKQRPGQGLEWIGEIDPSDSYTNYNQKFKGKATLTVDTSSSTAYMQLSSLTSEDSAVYYCANLRGYFDYWGQGTTLTVSS DVVMTQTPLSLPVSLGDQASISCRSSQSLVHSNGNTYLHWYLQKPGQSPKLLIYKVSNRFSGVPDRFSGSGSGTDFTLKISRVEAEDLGVYFCSQSTHVPRTFGGGTKLEIK,neg
4qt5,QVQLLESGAELVKPGAPVRLSCKASGYTFTNYWMNWVKQRPGRGLEWIGRIDPSDSETHYNQNFKDKATLTVDKSSSTAYIQLSSLTSEDSAVYYCARSGYWGQGTTLTVSS ELEMTQSPLTLSVTTGQPASISCKSSQSLLDSDGKTYLNWLLQRPGQSPKRLIYLVSKVDSGVPDRFTGSGSGTDFTLKISRVEAEDLGVYYCWQGTHSPLTFGAGTKLELK,neg
4f58,EVQLVESGGGVVQPGGSLRLSCVASGFSFSDFGMNWVRQAPGKGLEWVAFVPFDRRINYYAESVRGRFTISRDDSKNTVFLQMDSLRPEDTAIYYCAKHRSQWNFWPREGGLDHWGQGTLVTVSS QSALTQPASVSGSPGQSITISCTGTTSDVGTYNFVSWYQQHPGKAPKAIIFDVTNRPSGISNRFSGSKFGNTASLTISGLQAEDEADYYCAAYTVASTLLFGGGTKVTVL,neg
1fh5,SGGGLVKPAGSLKLSCAASGFTFSSYYMYWVRQTPDKRLEWVATISDGGSYTYYPDSVKGRFTISRDNAKNNLYLQMSSLKSEDTAMYYCARDAMDYWGQGTLVTVSA DIVLTQSPATLSVTPGESVSLSCRASQSISNNLHWYQQKSHESPRLLIKYASQSISGIPSRFSGSGSGTDFTLSINSVETEDFGMYYCQQSNSWPLTFGAGTKLELK,neg
4f3f,EVQLQQSGPELEKPGASVKISCKASGYSFTGYTMNWVKQSHGKSLEWIGLITPYNGASSYNQKFRGKATLTVDKSSSTAYMDLLSLTSEDSAVYFCARGGYDGRGFDYWGSGTPVTVSS DIELTQSPAIMSASPGEKVTMTCSASSSVSYMHWYQQKSGTSPKRWIYDTSKLASGVPGRFSGSGSGNSYSLTISSVEAEDDATYYCQQWSKHPLTFGSGTKVEIK,pos
2op4,QVQLQQSGSELVRPGASVKLSCKASGYTFTTYWIHWVKQRPGQGLEWIGTIYPGSDNTYYDEKFKNKATLTVDTSSSTAFMQLSSLTSEDSAVYFCTRGSLYYNNYGWFGYWGQGTLVTVSA QAVVTQESALTTSPGETVTLTCRSSTGAVTTRNYANWVQEKPDHFFTGLIGDTNNRAPGVPARFSGSLIGHKAALTITGAQTEDESVYFCALWYSNHWVFGGGTKLTVL,neg
5i1j,EVQLVQSGAEVKKPGESLKISCKGSGYSFTSYWIGWVRQMPGKGLEWMGIIYPGDSDTRYSPSFQGQVTISADKSISTAYLQWSSLKASDTAMYYCARYDGIYGELDFWGQGTLVTVSS EIVLTQSPATLSLSPGERATLSCRASQSVSSYLAWYQQKPGQAPRLLIYDASNRATGIPARFSGSGSGTDFTLTISSLEPEDFAVYYCQQRSNWPLTFGQGTKVEIK,neg
4nwt,QVQLVQSGAEVKKPGSSVKVSCKASGGTFSNYAISWVRQAPGQGFEWMGGIIPIFGTANYAQKFQGRVTITADESTSTAYMELSSLRSEDTAVYYCARGPEYYDYVWGSYRYNYFDYWGQGTLVTVSS DIVMTQSPDSLAVSLGERATINCKSSQSVLYSSNNKNYLTWYQQKPGQPPKLLIYWASTRESGVPDRFSGSGSGTDFTLTISSLQAEDVAVYYCQQYDNYPITFGQGTRLEIK,neg
1rzk,EVQLVESGAEVKKPGSSVKVSCKASGDTFIRYSFTWVRQAPGQGLEWMGRIITILDVAHYAPHLQGRVTITADKSTSTVYLELRNLRSDDTAVYFCAGVYEGEADEGEYDNNGFLKHWGQGTLVTVSS DIVMTQSPATLSVSPGERATLSCRASESVSSDLAWYQQKPGQAPRLLIYGASTRATGVPARFSGSGSGAEFTLTISSLQSEDFAVYYCQQYNNWPPRYTFGQGTRLEIK,neg
1uz8,EVKLLESGGGLVQPGGSQKLSCAASGFDFSGYWMSWVRQAPGKGLEWIGEINPDSSTINYTPSLKDKFIISRDNAKNTLYLQMSKVRSEDTALYYCARETGTRFDYWGQGTTLTVSS DIVMTQAAFSNPVTLGTSASISCRSSKSLLYSNGITYLYWYLQKPGQSPQLLIYQMSNLASGVPDRFSSSGSGTDFTLRISRVEAEDVGVYYCAQNLEVPWTFGGGTKLEIK,neg
4lci,QIQLVQSGPELKKPGETVKISCKASGYTFTNYGMTWVKQAPRKGLKWMGWINTYTGRPTYADDFKGRFAFSLETSASTAYLQINNLKHEDTATYFCASLGEDFWGQGTTLTVSS DIVMTQAAPSVPVTPGESVSISCRSTKSLLHSNGNTYLYWFLQRPGQSPQRLIYYMSNLASGVPDRFSGRGSGTDFTLRISRVEAEDAGVYYCMQSLEYPYTFGGGTKLEIK,neg
5dr5,QVQLVESGGGLVQPGGSLRLSCAASGFTFTNYYMHWVRQAPGKGLEWVSTIAYDGSSTYYADSVKGRFTISRDNSKNTLYLQMNSLRAEDTAVYYCARWFTDDIWGQGTLVTVSS DIVLTQSPATLSLSPGERATLSCRASQSISSNELAWYQQKPGQAPRLLIYDTSNRATGVPARFSGSGSGTDFTLTISSLEPEDFAVYYCQQYYSYPITFGQGTKVEIK,neg
3cxh,EVKLQESGAGLVQPSQSLSLTCSVTGYSITSGYYWNWIRLFPGNKLEWVGYISNVGDNNYNPSLKDRLSITRDTSKNQFFLKLNSVTTEDTATYYCARSEYYSVTGYAMDYWGQGTTVTVSS DIELTQTPVSLAASLGDRVTISCRASQDINNFLNWYQQKPDGTIKLLIYYTSRLHAGVPSRFSGSGSGTDYSLTISNLEPEDIATYFCQHHIKFPWTFGAGTKLEIK,neg
5ijk,EVQLVESGGGLVKPGGSLRLSCAASGFTFSNAWFNWVRQAPGKGLEWVGRIKTNTDGGTTDYAAPVKGRFTISRDDSKNTLYLQMNSLKTEDTAVYYCTTGEPLVNHITILDYWGQGTLVTVSS DIVMTQSPDSLAVSLGERATINCKSSQSVLYSSNNKNYLAWYQQKPGQPPKLLIYWASTRESGVPDRFSGSGSGTDFTLTISSLQAEDVAVYYCQQYYRTPPLTFGGGTKVEIK,neg
3mob,RITLKESGPPLVKPTQTLTLTCSFSGFSLSDFGVGVGWIRQPPGKALEWLAIIYSDDDKRYSPSLNTRLTITKDTSKNQVVLVMTRVSPVDTATYFCAHRRGPTTLFGVPIARGPVNAMDVWGQGITVTISS ALQLTQSPSSLSASVGDRITITCRASQGVTSALAWYRQKPGSPPQLLIYDASSLESGVPSRFSGSGSGTEFTLTISTLRPEDFATYYCQQLHFYPHTFGGGTRVDVR,neg
5u4r,EVQLVESGGGLVKPGGSLRLSCEVSGFTFSDYHATWLRQAPGKGLEWISYISGSGSTTYYADAVKGRFTISRDNAKNSVYLEMSSLRDEDTAVYYCARTRLGDIVQAPGVIGYYYGMDVWGQGTTVTVSS DIQMTQSPSSLSASVGDRVTITCRASQRIRNYLNWYQQKPGRAPKLLIYTASKLQGGVPSRFSGSGSGTDFTLTINSLQPEDFATYYCQQSHETPLTFGQGTKIEVR,neg
4ocs,QAILVESGGGVVQPGRSLRLSCAASQFTFSGHGLHWVRQAPGKGLEWVASISFAGTKMDYADSVKGRFAISRDNSKNTLYLQMNSLRVEDTALYYCAKDMREYECEYWTSDYYDFGRPQPCIDRRGVVGIFDMWGQGTMVTVST QSVLTQPPSVSAAPGQKVTISCSGSSSNIGDNYVSWYQHLPGTAPKLLIYENTRRPSGIPDRFSGSKSGTSATLAITGLQTGDEADYYCGTWDVRPNRGAVFGTGTKVTVL,neg
2xzq,QVQLQQPGAELVKPGASVKLSCKASGYTFTSYWMHWVKQRPGRGLEWIGRIDPNSGGTAYNEKFKSKATLQVDKPSSTAYMQLSSLTSEDSAVYYCARYDYYGGSYFDYWGQGTTLTVSS QAVVTQESALTTSPGETVTLTCRSSTGAVTTSNYANWVQEKPDHLFTGLIGGTNNRAPGVPARFSGSLIGDKAALTITGGQTEDEAIYFCALWYSNHWVFGGGTKLTVL,neg
2adi,EVQLVESGGDLVKPGGSLKLSCAASGFTFSSYGMSWVRQTPDKGLEWVATISSGGSYTYYPDNVKGRFTISRDNAKNTLYLQMSSLKSEDTAMYYCARHEDGNWNYFDYWGQGTTLTVSS ETTVTQSPASLSVAIGEKVTIRCITSTDIDDDMNWYQQKPGEPPKFFISEGNTLRPGVPSRFSSSGYGTDFVFTIENMLSEDVADYYCLQSDTLPLTFGSGTKLEIK,neg
4jpk,QVQLVQSGAEVKKPGASVKVSCKASGYTFTGYYMHWVRQAPGQGLEWMGWINPNSGGTNYAQKFQGRVTMTRDTSISTAYMELSRLRSDDTAVYYCARGKNSDYNWDFQHWGQGTLVTVSS EIVLTQSPATLSLSPGERATLSCRASQSVSSYLAWYQQKPGQAPRLLIYDASNRATGIPARFSGSGSGTDFTLTISSLEPEDFAVYYCQQYEFFGQGTKLEIK,pos
6e56,EVQLLESGGGLVQPGGSLRLSCAASGFTFNHYAMTWVRQAPGKGLEWVASSSGSGRSTYYTDSVKGRFSVSRDNSKNTLYLQMNSLRAEDTAVYYCAKSSNYYGSGSYSPDDYYHMDVWGQGTTVTVSG EIVMTQSPDTLSVSPGERATLSCRASESISSNLAWYQQKPGQVPRLLIYGASTRATGVPARFTGSGSGTEFTLTISSLQSEDFAVYYCQQYNNRLPYTFGQGTKLEIK,neg
3iu3,QLQQSGTVLARPGASVKMSCKASGYSFTRYWMHWIKQRPGQGLEWIGAIYPGNSDTSYNQKFEGKAKLTAVTSASTAYMELSSLTHEDSAVYYCSRDYGYYFDFWGQGTTLTVSS QIVSTQSPAIMSASPGEKVTMTCSASSSRSYMQWYQQKPGTSPKRWIYDTSKLASGVPARFSGSGSGTSYSLTISSMEAEDAATYYCHQRSSYTFGGGTKLEIK,pos
6crk,DVQLVESGGGLVQPGGSRKLSCSASGFAFSSFGMHWVRQAPEKGLEWVAYISSGSGTIYYADTVKGRFTISRDDPKNTLFLQMTSLRSEDTAMYYCVRSIYYYGSSPFDFWGQGTTLTVSS DIVMTQATSSVPVTPGESVSISCRSSKSLLHSNGNTYLYWFLQRPGQSPQLLIYRMSNLASGVPDRFSGSGSGTAFTLTISRLEAEDVGVYYCMQHLEYPLTFGAGTKLELK,neg
1ggb,QVQLQESGPGILQPSQTLSLTCSFSGFSLSTYGMGVSWIRQPSGKGLEWLAHIFWDGDKRYNPSLKSRLKISKDTSNNQVFLKITSVDTADTATYYCVQEGYIYWGQGTSVTVSS DIVLTQSPGSLAVSLGQRATISCRASESVDDDGNSFLHWYQQKPGQPPKLLIYRSSNLISGIPDRFSGSGSRTDFTLTINPVEADDVATYYCQQSNEDPLTFGAGTKLEIK,neg
5mi0,EVKLVESGGGVVQPGGSRKLSCAASGFTFSDYGMAWVRQAPGKGPEWVTFISNMAYSIYYADTVTGRFTISRENAKNTLHLEMSSLRSEDTAMYYCTRAIFDYAGYWYFDVWGAGTTVTVSS DIVLTQSPASLAVSLGQRATISCRASESVEYYGTSLMQWFQQKPGQPPRLLIHGASNVQSGVPARFSGSGSGTDFSLNIHPVEEDDFAMYFCQQSTKVPWTFGGGTKLEIK,neg
5uby,QVQLQESGPGLVKPSETLSLTCTVSGGSISSSDYYWGWIRQPPGKGLEWIGSMSYSGRTYYNPSLKSRVTISVDTSKNQFSLKLSSVTAADTAVYFCASHWRYSGGLFDYWGQGTLVTVSS SYELTQPPSVSVAPGKTARITCGGNNIGSKNVHWYQQKAGQAPVVVVYDYTDRPSGSPERFSGSKSGSTATLTISRVEAGDEADYYCQVWDSSGDHVVFGGGTKLTVL,pos
6oy4,QIQLVQSGPELKKPGETIKISCKASGYTFTNYGMNWVKQTPGKGLKWMGWINPYTGEEPSYADDFKGRFAFSLETSANTAYLQINNLNNEDMATYFCARGGFTDYYGMDYWGQGTSVTVSS DIVLTQSPASLAVSLGQRATISCKASQSVDYGGNSYVNWYQQKPGQPPKLLIYAASNLKSGIPARFSGSGSGTDFTLNIHPVEEEDAATYYCQQSNEDPWTFGGGTKLEIK,neg
5bjz,EVQLVESGGGLVQPGGSLRLSCAASGFNLSSSSIHWVRQAPGKGLEWVASIYSYYGSTSYADSVKGRFTISADTSKNTAYLQMNSLRAEDTAVYYCAREYHSYWSYSWWPRVGLDYWGQGTLVTVSS DIQMTQSPSSLSASVGDRVTITCRASQSVSSAVAWYQQKPGKAPKLLIYSASSLYSGVPSRFSGSRSGTDFTLTISSLQPEDFATYYCQQASLTALLTFGQGTKVEIK,neg
4n9g,QVQLQESGPGLVKPSETLSLTCVVSGGSFSSYYWTWIRQSPGKGLEWIGEMNGNSGYTNYNPSLQSRVTISKDASKNQFSLKLTSLTAADTAVYYCARDAIVMVFTDMRGRVDVWGPGILVTVSS DIQMSQSPSSLSASVGDTVTITCRASQGISNYLAWYQQKPGKAPKSLIYYTSHLESGVPSRFSGSGSGTDFSLTISSLQPEDFATYYCQQHNSYPRTFGQGTKVEIK,neg
6amj,EVQLVESGGGVVQPGRSLRLSCAASGFTFSSYGMHWVRQAPGKELEWVAVISYDGSIKYYADSVKGRFTISRDNSKNTLYLQMNSLRAEDTAVYYCARTGEYSGYDTDPQYSWGQGTTVTVSS EIVLTQSPSSLSASVGDRVTITCRASQGIGDDLGWYQQKPGKAPILLIYGTSTLQSGVPSRFSGSGSGTDFTLTINSLQPEDFATYYCLQDSNYPLTFGGGTRLEIK,neg
2fx9,QVQLVQSGAEVKRPGSSVTVSCKASGGSFSTYALSWVRQAPGRGLEWMGGVIPLLTITNYAPRFQGRITITADRSTSTAYLELNSLRPEDTAVYYCAREGTTGWGWLGKPIGAFAHWGQGTLVTVSS EIVLTQSPGTQSLSPGERATLSCRASQSVGNNKLAWYQQRPGQAPRLLIYGASSRPSGVADRFSGSGSGTDFTLTISRLEPEDFAVYYCQQYGQSLSTFGQGTKVEVK,neg
5whk,EVQLLESGGGLVQPGGSLRLSCAASGFTFSEYAMGWVRQAPGKGLEWVSSIGSSGGQTKYADSVKGRFTISRDNSKNTLYLQMNSLRAEDTAVYYCARLAIGDSYWGQGTMVTVSS QSALTQPASVSGSPGQSITISCTGTGSDVGSYNLVSWYQQHPGKAPKLMIYGDSQRPSGVSNRFSGSKSGNTASLTISGLQAEDEADYYCASYAGSGIYVFGTGTKVTVL,neg
5od0,EVQLEESGPGLVRPSETLSLSCTVSGFPMSESYFWGWIRQSPGKGLEWLGSVIHTGTTYYRPSLESRLTIAMDPSKNQVSLSLTSVTVADSAMYYCVRIRGGSSNWLDPWGPGIVVTASS ESVWTQPPSVSAAPGQKVTISCSGDDSILRSAFVSWYQQVPGSAPKLVIFDDRQRPSGIPARFSGSNSGTTATLDIAGLQRGDEADYYCAAWNGRLSAFVFGSGTKLTVL,neg
5jue,EVQLQESGPELVKTGASVKISCKASGYSFSNYYIHWVKQSHGKSLEWIGFISCYNGATFYNQKFKGKATFTVDNSSSTAYMKFNSLTFEDSAVYYCARLPIQFGNFYPMDYWGQGTTVTVSS QVVMTQSPLSLPVSLGDQASISCRSSQSLLHSNGNTYLHWYLQKPGQSPKLLIYKVSNRFSGVPDRFSGSGSGTDFTLKISRVEAEDLGVYFCSQSTHIPPWTFGGGTKLDIK,neg
1yef,EMQLQQSGAELLRPGTSVKLSCKTSGYIFTSYWIHWVKQRSGQGLEWIARIYPGTGSTYYNEKFKGKATLTADKSSSTAYMQLSTLKSEDSAVYFCTRWGFIPVREDYVMDYWGQGTLVTVSS DIVMTQSPLTLSVTIGQPASISCKSSQSLLYSNGKTYLNWLLQRPGQSPKRLIHLVSKLDSGVPDRITGSGSGTDFTLKISRVEAADLGVYYCVQGTHFPYTFGGGTKLEIL,neg
1kfa,EVMLVESGGGLVKPGGSLKLSCAASGFTFSSYAMSWVRQTPERRLEWVATITTRGYTFYPDSVKGRFTVSRDNARNTLNLQMSSLRSEDTAMFYCTREGLLLDYFTMDYWGQGTSVTVSS DVVMTQTPLSLSVSLGDQASISCRSSQSLVHSNGNTYLHWYLQKPGQSPKLLIYKVSSRFSGFPDRFSGSGSGTDFTLKISRVEAEDLGVYFCSQSTHVPFTFGSGTKLEIK,neg
1yyl,EVQLVESGAEVKKPGSSVKVSCKASGDTFIRYSFTWVRQAPGQGLEWMGRIITILDVAHYAPHLQGRVTITADKSTSTVYLELRNLRSDDTAVYFCAGVYEGEADEGEYDNNGFLKHWGQGTLVTVSS DIVMTQSPATLSVSPGERATLSCRASESVSSDLAWYQQKPGQAPRLLIYGASTRATGVPARFSGSGSGAEFTLTISSLQSEDFAVYYCQQYNNWPPRYTFGQGTRLEIK,neg
5i66,EVQLQQSGPELVKPGASVKISCKASGYTFTDYYMNWVKQSHGKSLEWIGNINPNNGGTSYNQKFKGKATLTVDKSSTTAYMELRSLTSEDSAVYYCTRSPVRPYYFDYWGQGTTLTVSS DIVMTQSHKFMSTSVGDRVSITCKASQDVSTAVAWYQQKPGQSPKLLIYSASYRYTGVPDRFTGSGSGTDFTFTISSVQAEDLAVYYCQQHYSIPRTFGGGTKLEIK,pos
3ldb,QIQLQESGPGLVTPSQSLTLTCSVTGDSITSYHWSWIRQFPGKKLEWMGYIYNSGGTDYNPSLKSRVSITREISRNQLFLQLNSVTTEDTATYYCARRDYGTYYFDYWGQGTMVTVSS DIVMTQSPSSLAVSAGEKVTMSCRSSQSLYYSGIKKNLLAWYQLKPGQSPKLLIYYASTLFTGVPDRFTGSGSGTDYTLTITSVQAEDMGQYFCQQGISNPYTFGAGTKLEIK,pos
4odh,QVQLVESGGGVVQPGRSLRLSCAASGFTFSSYGMHWVRQAPGKGLEWVAVISYDGSNKYYADSVKGRFTISRDNSKNTLYLQMNSLRAEDTAVYYCAKDLGESENEEWATDYYDFSIGYPGQDPRGVVGAFDIWGQGTMVTVSS QSVLTQPPSVSAAPGQKVTISCSGSSSNIGNNYVSWYQQLPGTAPKLLIYENNKRPSGIPDRFSGSKSGTSATLGITGLQTGDEADYYCGTWDSSLSAGGVFGTGTKVTVL,neg
5yy4,EVQLQQSGAELVRPGTSVKMSCKAAGYTFTKYWIGWVKQRPGHGLEWIGDIHPGSFYSNYNEKFKGKATLTADTSSSTAYMQLSSLTSEDSAIYYCARDYYTNYGDWGQGTSVTVSS DIVMTQAAPSVSVTPGESVSISCRSSKSLLHRNGNTYLFWFLQRPGQSPQLLIYRMSNLASGVPDRFSGSGSGTAFTLRISRVEAEDVGVYYCMQHLEYPYTFGSGTKLELK,neg
1it9,QVQLVQSGAEVKKPGASVKVSCKASGYTFTSYWMQWVKQAPGQGLEWMGEIDPSDSYTNYNQKFKGKATLTVDTSTSTAYMELSSLRSEDTAVYYCARNRDYSNNWYFDVWGEGTLVTVSS EIVLTQSPGTLSLSPGERATLSCKASQSVDYDGDSYMNWYQQKPGQAPRLLIYAASNLESGIPDRFSGSGSGTDFTLTISRLEPEDFAVYYCQQSNEDPRTFGQGTKLEIK,pos
1bz7,DVQLVESGGGLVQPGGSRKLSCAASGFTFSNFGMHWVRQAPEKGLEWVAYISSGGSSINYADTVKGRFTISRDNPKNTLFLQMTSLRSEDTAIYYCTRGGTGTRSLYYFDYWGQGATLIVSS DIQMTQITSSLSVSLGDRVIISCRASQDIGNFLNWYQQKPDGSLKLLIYYTSRLQSGVPSRFSGWGSGTDYSLTISNLEEEDIATFFCQQGKTLPYTFGGGTKLEIK,pos
3pp3,QVQLVQSGAEVKKPGSSVKVSCKASGYAFSYSWINWVRQAPGQGLEWMGRIFPGDGDTDYNGKFKGRVTITADKSTSTAYMELSSLRSEDTAVYYCARNVFDGYWLVYWGQGTLVTVSS DIVMTQTPLSLPVTPGEPASISCRSSKSLLHSNGITYLYWYLQKPGQSPQLLIYQMSNLVSGVPDRFSGSGSGTDFTLKISRVEAEDVGVYYCAQNLELPYTFGGGTKVEIK,neg
3oau,EVQLVESGGGLVKAGGSLRLSCGVSNFRISAHTMNWVRRVPGGGLEWVASISTSSTYRDYADAVKGRFTVSRDDLEDFVYLQMHKMRVEDTAIYYCARKGSDRLSDNDPFDAWGPGTVVTVSP VVMTQSPSTLSASVGDTITITCRASQSIETWLAWYQQKPGKAPKLLIYKASTLKTGVPSRFSGSGSGTEFTLTISGLQFDDFATYHCQHYAGYSATFGQGTRVEIK,neg
1moe,EVQLQQSGAELVEPGASVKLSCTASGFNIKDTYMHWVKQRPEQGLEWIGRIDPANGNSKYVPKFQGKATITADTSSNTAYLQLTSLTSEDTAVYYCAPFGYYVSDYAMAYWGQGTSVTVSS DIVLTQSPASLAVSLGQRATMSCRAGESVDIFGVGFLHWYQQKPGQPPKLLIYRASNLESGIPVRFSGTGSRTDFTLIIDPVEADDVATYYCQQTNEDPYTFGGGTKLEIK,neg
6qig,EVQLVESGGDLVKPGGSLKLSCAASGFTFSSYGMSWVRQTPDKRLEWVATISSGGTYTYYADTVKGRFTISRDNAKNNLYLQMSSLTSEDSAMFYCARRVAWDHGSTYDYAMDYWGQGTTVTVSS DIELTQAPATLSVTPGDRVSLSCRASQSLSNYLAWYQQKSGEGPRLLINYVSQSISGIPSRFSGSGSGTDYTLSINSVETEDFGMYFCQQYSRLPFTFGAGTKLEIK,neg
6n81,QVQLVQSGGGMVQPGGSLSLSCAASGFTLSNYAMTWVRQAPGKGLEWVSSIGGSGGTTYYADSVKGRFTISRDSSMNTLYLQMSNLRAGDTAVYYCAKDKTRTLRLGYSGMDVWGQGTTVTVSS DIRLTQSPSSLSASVGDRVTITCRASQSISSYLNWYQQKPGKAPDLLIYGASSLQSGVPSRFSGSGSGTDFTLTISSLQPEDFGNYYCQQSFSTPRTFGQGTKVELK,pos
5nuz,EVQLQQSGTVLARPGASVKMSCKASGYTFTSYWMHWIKQRPGQGLEWIGAIYPGDSDTKYNQKFKGKAKLTAVTSTSTAYMELSSLTNEDSAVYYCTRRNTLTGDYFDYWGQGTTLTVSS DIVLTQSPASLAVSLGQRATISCRASESVDDYGISFMNWFQQKPGQPPKLLIYTASSQGSGVPARFSGSGSGTDFSLNIHPMEEDDTAMYFCQQSKEVPYTFGGGTKLEIK,neg
3i2c,EVQLVQSGGGLVQPKGSLKLSCAASGFNFNTYAMHWVRQAPGKGLEWIGRIRSKSHNYATDYADPVKDRFTISRDDSQGLLYLLMNNLKTEDTAMYYCMREGIYGSFAYWGQGTLVTVSA DIVLTQSPASLAVSLGQRATISCRASKSVSSSAYSFFHWYQQKPGQPPKLLIYLASNLQSGVPARFSGSGSGTDFTLNIHPVEAEDAATYYCQHSGELPFTFGSGTKLEIK,neg
5jr1,EVQLVESGGGLVKPGGSLRLSCAASGFTFSNAWMSWVRQAPGKGLEWVGRIKSKTDGGTTDYAAPVKGRFTISRDDSKNTLYLQMNSLKTEDTAVYYCARTGKYYDFWSGYPPGEEYFQDWGRGTLVTVSS SYELTQETGVSVALGRTVTITCRGDSLRSHYASWYQKKPGQAPILLFYGKNNRPSGVPDRFSGSASGNRASLTISGAQAEDDAEYYCSSRDKSGSRLSVFGGGTKLTVL,neg
1f4w,EVQLEESGGGLVTPGGSLRLSCAASGYVFSTYDMSWVRQTPEKRLEWVAFISSGGGRTSYPDTVKGRFTISRDDAKNTLYLQMSSLQSEDTAMYYCTRHFYAVLDYWGRGTTLTVSS QAVVTQESALTTSPGETVTLTCRSSTGTVTTSNYANWVQEKPDHLFTGLIGATNNRAAGVPVRFSGSLIGGKAALTITGAQTEDEAIYFCALWYSGHWVFGGGTKLTVL,neg
4kvc,DVQLVESGGGLVQPGGSRKLSCAASGFTFSSFGMHWVRQAPEKGLEWVAYISSGSSTLHYADTVKGRFTISRDNPKNTLFLQMTSLRSEDTAMYYCARWGNYPHYAMDYWGQGTSVTVSS NIVMTQSPKSMSMSVGERVTLTCKASENVVTYVSWYQQKPEQSPKLLIYGASNRYTGVPDRFTGSGSATDFTLTISSVQAEDLADYHCGQGYSYPYTFGGGTKLEIK,neg
3gje,EVQLLESGGGLVQPGGSLRLSCAASGFTFSTYQMSWVRQAPGKGLEWVSGIVSSGGSTAYADSVKGRFTISRDNSKNTLYLQMNSLRAEDTAVYYCAGELLPYYGMDVWGQGTTVTVSS QSELTQPRSVSGSPGQSVTISCTGTSRDVGGYNYVSWYQQHPGKAPKLIIHDVIERSSGVPDRFSGSKSGNTASLTISGLQAEDEADYYCWSFAGSYYVFGTGTDVTVL,neg
5uxq,QLEQSGAEVKKPGSSVKVSCKASGNTFSKYDVHWVRQATGQGLEWVGWMSHEGDKTESAQRFKGRVTFTRDTSASTAYMELRGLTSDDTAIYYCTRGSKHRLRDYVLYDDYGLINYQEWNDYLEFLDVWGHGTAVTVSS TVVTQSPLSLPVTPGEAASMSCTSTQSLRHSNGANYLAWYQHKPGQSPRLLIRLGSQRASGVPDRFSGSGSGTHFTLKISRVEPEDAAIYYCMQGLNRPWTFGKGTKLEIK,pos
4fqh,QVQLVQSGAEVKKPGSSVKVSCKSSGGTSNNYAISWVRQAPGQGLDWMGGISPIFGSTAYAQKFQGRVTISADIFSNTAYMELNSLTSEDTAVYFCARHGNYYYYSGMDVWGQGTTVTVSS QSALTQPPAVSGTPGQRVTISCSGSDSNIGRRSVNWYQQFPGTAPKLLIYSNDQRPSVVPDRFSGSKSGTSASLAISGLQSEDEAEYYCAAWDDSLKGAVFGGGTQLTVL,neg
3oke,EVKLVESGGGLVQPGGSLRLACATSGFTFTDYYMSWVRQPPGKALEWLGFIRNKAKGYTTEYSASVKGRFTISRDNSQSSLYLQMNTLRAEDSATYYCARDHDGYYERFAYWGQGTLVTVSA DIVMTQSPSSLAVSAGEKVTMNCKSSQSLLNSRTRKNYLAWYQQKPGQSPKLLIYWASTRESGVPDRFTGSGSGTDFALTISSVQAEDLAVYYCKQSYNLRTFGGGTKLEIK,pos
4m61,EIQLQQSGAELVKPGASVKISCKASGYSFTGYNMNWVKQSHGKSLEWIGKINPYYGSTSYNQKFKGQATLTVDKSSSTAYMQLNSLTSEDSAVYYCARGRLRRGGYFDYWGQGTTLTVSS NIMMTQSPSSLAVSAGEKVTMSCKSSQSVLYSSNQKNYLAWYQQKPGQSPKLLIYWASTRESGVPDRFTGSGSGTDFTLTISSVQAEDLAVYYCHQHLSSWTFGGGTKLEIK,pos
4jfz,EVQLVESGGGLVQPGGSLRLSCVTSGFTFRKFGMSWVRQAPGKGLEWVASIATGGHTTYYSDSVKGRFTISRDNSKNTLYLQMNSLRAEDTAVYYCTRGYSSTSYAMDYWGQGTLVTVSS DIVLTQSPATLSLSPGERATLSCMTSTDIDDDMNWYQQKPGQAPRLLISEGNTLRPGVPARFSGSGSGTDFTLTISSLEPEDFAVYYCLQSFNVPLTFGQGTKVEIK,neg
4y5y,EVQLVESGGGLVQPGGSLRLSCAVSGFTFSKYWMTWVRQAPGKGLEWVANIKPDGSEKYYVESVKGRFTISRDNAKNSVYLQMNSVRAEDTAVYYCARVSRGGSFSDWGQGTLVTVSS QSALTQPPSASGSPGQSVTISCTGTSSDVGAYNYVSWYQQHPGKAPKLMIYEVARRPSGVPDRFSGSKSGNTASLTVSGLQAEDEADYYCSSYAGSNNFAVFGRGTKLTVL,neg
5mx3,EVQLQQSGPELVKPGTSVKMPCKASGYIFTDYVISWVKQRTGQGLEWIGEIFPRSGSTYYNEKFKGKATLTADKSSNTAYMQLSSVTSEDSAVYFCARDYYGTSFAMDYWGQGTSVTVSS DIVMSQSPSSLAVSAGEKVTMSCKSSQSLLNSRTRKNYLAWYQQKPGQSPKLLIYWASTRESGVPDRFTGSGSGTDFTLTISSVQAEDLAVYYCKQSFYLRTFGGGTKLDIK,pos
4hh9,QVQLVESGGGVVQPGRSLRLSCAASGFTFSNHGMHWVRQAPGKRLEWVAVISYDGRHEHYADLVKGRFTISRDNSKNTLYLQMNSLRAEDRALYFCAREGLSRDNSGFTGLIDYWGQGTMVTVSS EVVLTQSPATLSLSPGERATISCRASQSVGGYLTWYQQKPGQAPRLLIYDASNRATGIPARFSGSGSGTDFTLTISGLEPEDFAIYYCQQRGNWPPITFGQGTRLEIK,neg
2p8p,RITLKESGPPLVKPTQTLTLTCSFSGFSLSDFGVGVGWIRQPPGKALEWLAIIYSDDDKRYSPSLNTRLTITKDTSKNQVVLVMTRVSPVDTATYFCAHRRGPTTLFGVPIARGPVNAMDVWGQGITVTISS ALQLTQSPSSLSASVGDRITITCRASQGVTSALAWYRQKPGSPPQLLIYDASSLESGVPSRFSGSGSGTEFTLTISTLRPEDFATYYCQQLHFYPHTFGGGTRVDVR,neg
2atk,QVQLQQPGAELVKPGASVKLSCKASGYTFTSDWIHWVKQRPGHGLEWIGEIIPSYGRANYNEKIQKKATLTADKSSSTAFMQLSSLTSEDSAVYYCARERGDGYFAVWGAGTTVTVSS DILLTQSPAILSVSPGERVSFSCRASQSIGTDIHWYQQRTNGSPRLLIKYASESISGIPSRFSGSGSGTDFTLSINSVESEDIANYYCQQSNRWPFTFGSGTKLEIK,neg
5if0,QVQLVQSGAEVKKPGASVKVSCKASGYTFTGYYMHWVRQAPGQGLEWMGWINPNSGGTNYAQKFQGRVTMTRDTSISTAYMELSRLRSDDTAVYYCAKISGSYSFDYWGQGTLVTVSS DIVMTQSPDSLAVSLGERATINCKSSQSVLYSSNNKNYLAWYQQKPGQPPKLLIYWASTRESGVPDRFSGSGSGTDFTLTISSLQAEDVAVYYCQQYYSFGGGTKVEIK,neg
3ux9,EVQLVESGGGLVQPGGSLRLSCAASGFTFSSYAMSWVRQAPGKGLEWVSAISGSGGSTYYADSVKGRFTISRDNSKNTLYLQMNSLRAEDTAVYYCARYIDFGDHMDFWGQGTLVTVSS DIVLTQPPSVSGAPGQRVTISCSGSSSNIGSNYVSWYQQLPGTAPKLLIYDNNQRPSGVPDRFSGSKSGTSASLAITGLQSEDEADYYCQVRDNNENEWVFGGGTKLTVL,neg
5x08,QVQLVQSGAEVKRPGSSVTVSCKASGGSFSTYALSWVRQAPGRGLEWMGGVIPLLTITNYAPRFQGRITITADRSTSTAYLELNSLRPEDTAVYYCAREGTTPPGWGWLGKPIGAFAHWGQGTLVTVSS EIVLTQSPGTQSLSPGERATLSCRASQSVGNNKLAWYQQRPGQAPRLLIYGASSRPSGVADRFSGSGSGTDFTLTISRLEPEDFAVYYCQQYGQSLSTFGQGTKVEVK,pos
3wxv,EVLLQQSGPELVKPGASVRITCKASGYTFTDFNMDWVKQSPGKSLEWIGDFNPNSGGSIYNQKFKDKATFTVDKSSSTAYMELRSLTFEDTAVYYCARETGTAWFAYWGQGTLVTVSA DIQMTQSPASLSASVGETVTITCRASGNIHNFLAWYQQKQGKSPQVLVYNAKTLADGVPSRFSGSGSGTQYSLKINSLQPEDFGSYYCQQFWSTPYTFGGGTKLEIN,neg
6b5n,EVQLVQSGAEVKKPGASVKVSCKASGYTFTSYAIHWVRQAPGQRLEWMGWIKAGNGNTRYSQKFQDRVTITRDTSTTTAYMELSSLRSEDTAVYYCALLTVLTPDDAFDIWGQGTMVTVSS DIVMTQSPDSLAVSLGERATINCKSSQSVLYSSNNKNYLAWYQQKPGQPPNLLIYWASTRQSGVPDRFSGSGSGTDFTLTISSLQAEDVAVYYCHQYYSSPLTFGGGTKVEIK,pos
4buh,EVQLVQSGAEVKKPGESLKISCKGSEYSFPNYWIAWVRQMPGKGLEWMGMIYPGDSDTRYSPSFQGQVNISADKSSRTAFLEWSSLKASDSATYFCARLGGQLWNSYYYYYYMDVWGKGTTVTVSS SYELTQPPSASGTPGQRVTISCSGSSSNIGGNTVNWYQQVPGTAPRLLIYKNNQRPSGVPDRFSGSKSGTSASLAISGLRSEDEADYYCEAWDGGLRGGVFGGGTKLTVL,neg
5id1,QVQLKQSGPGLVQPSQSLSITCTVSGFSLTNYGVHWVRQSPGKGLEWLGVIWSGGNTDYNTPFTSRLSINKDNSKSQVFFKMNSLQSNDTAIYYCARALTYYDYEFAYWGQGTLVTVSA DILLTQSPVILSVSPGERVSFSCRASQSIGTNIHWYQQRTNGSPRLLIKYASESISGIPSRFSGSGSGTDFTLSINSVESEDIADYYCQQNNNWPTTFGAGTKLELK,neg
5wca,QVQLVQSGAEVKKPGASVKVSCKASGYTFTGNYVHWVRQAPGQGLEWMGWINPKSDGTNYAQKFQGRVTMTRDTSISTVYMELSRLRSDDTAVYYCARDKGLRYFDWLSGGMDVWGQGTTVTVSS QSALTQPASVSGSPGQSITISCTRTAAAVTSYNYVSWYQQHPGKAPKLLIYEVSNRPSGVSNRFSGSKSGNSASLTISGLQPEDEADYYCCSSTSSTTVVFGGGTKVTVL,pos
1nlb,QIQLVQSGPELKKPGETVKISCKASGYTFTDFSMHWVNQAPGKGLNWMGWVNTETGEPTYADDFKGRFAFSLETSASTAYLQINSLKNEDTATYFCARFLLRQYFDVWGAGTTVTVSS DIVMSQSPSSLAVSAGEKVTMSCKSSQSLLNSRTRKNYLAWYQQKPGQSPKVLIYWASTRESGVPDRFTGRGSGTDFTLTISSVQAEDQAVYYCKQAYIPPLTFGAGTKLELK,neg
6cdp,QVQLQQSGADLVRPGASVTLSCKASGYTFTDYEMHWMKQTPVHGLEWIGAIVPETGYTAYNQKFKGKAILTADKSSNTVYMQFRSLTSEDSAVYYCSRLKLLGYFDVWGTGTTVTVSS DVLMTQTPLSLPVSLGDQASISCKSSQSIVYKDGNSYLEWYLQKVGQSPKLLIYRVSNRFSGVPDRFSGSGSGTDFTLKISRVEAEDLGVYYCFQGTHLPYTFGGGTKLEMK,neg
1mex,QVQLQQSDAELVKPGASVKISCKASGYTFTDHAIHWVKQKPEQGLEWIGYISPGNGDIKYNEKFKGKATLTADKSSSTAYMQLNSLTSEDSAVYFCKMEYLDYWGQGTTLTVSS DIVMTQSQKFMSTSLGNRVSVTCKASQNVGTNVAWFQQKPGQSPKTLIYSASYRYSGVPDRFTGSGSGTDFTLTINNVQSEDLAEYFCQQYNSYPYTFGGGTKLEIK,pos
4ocx,DVQLQESGPGLVKPSQSLSLTCTVTGFSITSPYAWNWIRQFPGNTLEWMGYISYRGSTTYHPSLKSRISITRDTSKNQFFLQLNSVTTEDTATYFCSSYGNYGAYSGQGTLVTVSA DVLLTQIPLSLPVSLGDQASISCRSSQSIVHSNGNTYLEWYLQKPGQSPKLLIYKVSTRFSGVPDRFSGSGSGTDFTLKISRVEAEDLGVYYCFQGSHVPLTFGAGTQLELK,neg
3ifn,QVTLKESGPGILKPSQTLSLTCSFSGFSLSTSGMSVGWIRQPSGKGLEWLAHIWWDDDKYYNPSLKSRLTISKDTSRNQVFLKITSVDTADTATYYCARRTTTADYFAYWGQGTTLTVSS DVLMTQTPLSLPVSLGDQASISCRSSQSIVHSNGNTYLEWYLQKPGQSPKLLIYKVSNRFSGVPDRFSGSGSGTDFTLKISRVEAEDLGIYYCFQSSHVPLTFGAGTKLELK,neg
2r2e,EVKLVESGGGLVQSGGSLRLSCATSGFTFTDYYMSWVRQPPGKALEWLGFIRNKANGYTTEYSPSVKGRFTISRDNSQSILYLQMNTLRAEDSATYYCARDHDGYYERFSYWGQGTLVTVSA DIVMSQSPSSLAVSAGEKVTMSCKSSQSLLNSRTRKNYLAWYQQKPGQSPKLLIYWASTRESGVPDRFTGSGSGTDFTLTITSVQAEDLAVYYCKQSYNLRTFGGGTKLEIK,pos
5usl,EVQLVESGGGLVQPGGSLRLSCVVSGFTFSNYWMSWVRQAPGKGLEWVANIKQDGSKKYYVDSVTGRFTISRDNAKNSLYLQMNSLRAEDTAVYYCATLNLELAVDAISEALKWGQGTLVTVSS SYELTQPPSVSVSPGQTARITCSGDALPKQFAYWYQQKPGQAPVVMIYKDSERPSGIPERFSGSSSGTTVTSTISGVQAEDEADYYCQSVDNSGTYEVFGGGTQLTVL,neg
5dqd,EVKLVESGGDLVKPGGSLKLSCAASGFSFSSHGMSWVRQTPDKRLEWVALISRGGSYTYYSDSVKGRFTISRDNAKNTLYLQMSGLRSEDTAIYYCTRHKGLRRGTNAMDYWGQGTSVTVSA DIVLTQSPASLAVSLGQRATISCRASESVDNYGNSFMHWYQQKPGQPPKLLIYRASNLESGIPVRFSGSGSRTDFTLTINPVEADDVATYYCQQSNEDPRTFGGGTKLEIK,pos
2hkh,EVQVVESGGGLVQPKGSLKLSCVVSGSTLNNYAMNWVRQAPGKGLEWVARIRSKSNNYATYYADSVKDRFTISRDDSQSMIYLQMNNLKTEDTAMYYCVTYGNHPFAYWGQGTLVTVSA DVVMTQTPLSLPVSLGDQASISCRSSQSLVHSNGNTYLHWYLQKPGQSPNLLIYKVSNRFSGVPDRFSGSGSGTDFTLKISRVEAEDLGVYFCSQSTHVPFTFGSGTKLEIK,neg
3okk,EVKLVESGGGLVQPGGSLRLACATSGFTFTDYYMSWVRQPPGKALEWLGFIRNKAKGYTTEYSASVKGRFTISRDNSQSSLYLQMNTLRAEDSATYYCARDHDGYYERFAYWGQGTLVTVSA DIVMTQSPSSLAVSAGEKVTMNCKSSQSLLNSRTRKNYLAWYQQKPGQSPKLLIYWASTRESGVPDRFTGSGSGTDFALTISSVQAEDLAVYYCKQSYNLRTFGGGTKLEIKRA,pos
6my5,EVQLVESGGGLVQPGGSLRLSCAASGFNIKDTWIHWVRQAPGKGLEWVARIYPTNGYTRYADSVKGRFTISADTSKNTAYLQMNSLRAEDTAVYYCSRWGGFMFYAMDYWGQGTLVTVSS DIQMTQSPSSLSASVGDRVTITCRASQDIPRRISGYVAWYQQKPGKAPKLLIYWGSYLYSGVPSRFSGSGSGTDFTLTISSLQPEDFATYYCQQHYTTPPTFGQGTKVEIK,neg
3okl,EVKLVESGGGLVQPGGSLRLACATSGFTFTDYYMSWVRQPPGKALEWLGFIRNKAKGYTTEYSASVKGRFTISRDNSQSSLYLQMNTLRAEDSATYYCARDHDGYYERFAYWGQGTLVTVSA DIVMTQSPSSLAVSAGEKVTMNCKSSQSLLNSRTRKNYLAWYQQKPGQSPKLLIYWASTRESGVPDRFTGSGSGTDFALTISSVQAEDLAVYYCKQSYNLRTFGGGTKLEIK,pos
1kip,QVQLQESGPGLVAPSQSLSITCTVSGFSLTGAGVNWVRQPPGKGLEWLGMIWGDGNTDYNSALKSRLSISKDNSKSQVFLKMNSLHTDDTARYYCARERDYRLDYWGQGTTLTVSS DIVLTQSPASLSASVGETVTITCRASGNIHNYLAWYQQKQGKSPQLLVYYTTTLADGVPSRFSGSGSGTQYSLKINSLQPEDFGSYYCQHFWSTPRTFGGGTKLEIK,neg
1x9q,GVKLDETGGGLVQPGGAMKLSCVTSGFTFGHYWMNWVRQSPEKGLEWVAQFRNKPYNYETYYSDSVKGRFTISRDDSKSSVYLQMNNLRVEDTGIYYCTGASYGMEYLGQGTSVTVS DVVMTQTPLSLPVSLGDQASISCRSSQSLVHSNGNTYLRWYLQKPGQSPKVLIYKVSNRVSGVPDRFSGSGSGTDFTLKINRVEAEDLGVYFCSQSTHVPWTFGGGTKLEIK,neg
4m62,QVQLVQSGAEVKKPGSSVKVSCKASGGTFSSYAISWVRQAPGQGLEWMGGIIPIFGTANYAQKFQGRVTITADKSTSTAYMELSSLRSEDTAVYYCAREGTTGSGWLGKPIGAFAYWGQGTLVTVSS EIVLTQSPGTLSLSPGERATLSCRASQSVSSSYLAWYQQKPGQAPRLLIYGASSRATGIPDRFSGSGSGTDFTLTISRLEPEDFAVYYCQQYGSSPSTFGQGTKVEIK,neg
6meg,QVQLVQSGAEVKKPGASVKVSCKASGYIFTSHGISWVRQAPGQGLEWMGWISVYNGYTNYAQNLQGRVTMTTDTSTSTAYMELRSLRSDDTAVYFCARASQIRGVDYWGQGTLVTVSS QSVLTQPPSASGTPGQRVTISCSGSSSNIGSNYVYWYQQFPGTAPKLLIYGNNQRPSGVPDRFSGSKSGTSASLAISGLRSEDEADYYCAAWDDSLSGPWVFGGGTQVTVL,neg
5cin,VQLVQSGAEVKRPGSSVTVSCKASGGSFSTYALSWVRQAPGRGLEWMGGVIPLLTITNYAPRFQGRITITADRSTSTAYLELNSLRPEDTAVYYCAREGTTGSGGKPIGAFAHWGQGTLVTVSS EIVLTQSPGTQSLSPGERATLSCRASQSVGNNKLAWYQQRPGQAPRLLIYGASSRPSGVADRFSGSGSGTDFTLTISRLEPEDFAVYYCQQYGQSLSTFGQGTKVEVK,pos
5vco,EVQLVESGPSLVKPSQTLSLTCSVTGDSITSGFWNWIRKFPGNKLEFMGYITYSGTSYYKPSLKSRISITRDTSKNQYFLQLNSVTAEDTATYYCARRGFLTTVNYYAMDYWGQGTSVTVSS DIQMTQTTSSLSASLGDGITISCRASQDISNYLNWYQQKPDGTVKLLIYYTSRLHSGVPSRFSGSGSGTDYSLTISNLEQEDIATYFCQQGNTLPYTFGGGTKLEIK,neg
3ls5,EVKLVESGGGLVKPGGSLKLSCAASGFTFNNYVMVWLRQTPEKRLEWVASISRGGSTYYPDSVKGRFTISRDNARNILYLQMSSLRSEDTAMYYCVRGTTIVAGDVWGAGTTVTVSS DIVLTQSPTTMAASPGEKITITCSASSSISSNYLHWYQQKPGFSPKLLIYRTSNLASGVPARFSGSGSGTSYSLTIGTMEAEDVATYYCQQGSSIPLTFGAGTKLELK,neg
5t6p,EVKLVESGGGLVAPGGSLKLSCAASGFTFSSYPMSWVRQTPEKRLEWVAYINNGGGNPYYPDTVKGRFTISRDNAKNTLYLQMSSLKSEDTAIYYCIRQYYGFDYWGQGTTLTVSS DVLMTQTPLSLPVSLGDQASISCRSSQTIVHSNGKIYLEWYLQKPGQSPKLLIYRVSKRFSGVPDRFSGSGSGTDFTLKISRVEAEDLGVYYCFQGSHVPWTFGGGTKLEIK,neg
5lgh,EVKLEESGPELVKPGASMKMSCKASGYTFTSYIIHWLKQKPGQGLEWIGYINPYNDGSKYNEKFKGKATLTSDKSSSTAYMELSSLASEDSAVYYCTRNYGSDSLDYWGQGTTLTVSS DIVLTQTPAIMSASLGERVTMTCTANSSVSSNYFHWYQQKPGSSPKLWIYSTSNLASGVPTRFSGSGSGTSYSLTLSSMEAEDAATYYCHQYHRSPPTFGSGTKLKMK,pos
5kvg,EAQLQQSGTGLARPGASVKLSCKASGYTFTSYGISWVTQRAGQGLEWIGVIYPRSGNTYYNEKFRGKATLTADKSSSSAYMELRGLTAEDSAVYFCARENYGSVYWGQGTTLTVSS DIVMTQSQKFMSTSVGDRVSITCKASQNVGTAVAWYQQKPGQSPKLLIYSASNRYTGVPDRFTGSGSGTDFTLTISNMQSEDLADYFCQQFSSYPYTFGGGTKLEIK,pos
4fab,EVKLDETGGGLVQPGRPMKLSCVASGFTFSDYWMNWVRQSPEKGLEWVAQIRNKPYNYETYYSDSVKGRFTISRDDSKSSVYLQMNNLRVEDMGIYYCTGSYYGMDYWGQGTSVTVSS DVVMTQTPLSLPVSLGDQASISCRSSQSLVHSQGNTYLRWYLQKPGQSPKVLIYKVSNRFSGVPDRFSGSGSGTDFTLKISRVEAEDLGVYFCSQSTHVPWTFGGGTKLEIK,neg
1ocw,EVQLQQSGAELVKPGASVKLSCKASGYTFTSYWMHWVKQRPGRGLEWIGRIDPNGGGTKYNEKFKSKATLTVDKPSSTAYMQLSSLTSEDSAVYYCARMWYYGTYYFDYWGQGTTLTVSS QAVVTQESALTTSPGETVTLTCRSSTGAVTTSNYANWVQEKPDHLFTGLIGGTNNRAPGVPARFSGSLIGNKAALTITGAQTEDEAIYFCALWYSNHLVFGGGTKLTVL,neg
5vh3,EVKLEESGGGLVQPGGSMKLSCVASGFIFSNHWMNWVRQSPEKGLEWVAEIRSKSINSATHYAESVKGRFTISRDDSKSAVYLQMTDLRTEDTGVYYCSRNYYGSTYDYWGQGTTLTVSS DILLTQSPAILSVSPGERVSFSCRASQFVGSSIHWYQQRTNGSPRLLIKYASESMSGIPSRFSGSGSGTDFTLSINTVESEDIADYYCQQSHSWPFTFGSGTNLEVK,neg
5kw9,QVQLVQSGAEVKKPGSSVKVSCRTSGDTFNTHAISWVRQAPGQGLEWMGGIIPIFATTNYANKFQGTVTISADESTSTAYLEVRSLRSEDTAVYYCASNRANRADDYDYYFDYWGQGTLVTVSS EIVMSQSPDSLAVSLGERATINCKSSQSVLYKSDKKNYLAWYQQKSGQPPKLLIYWASTRESGVPDRFSGSGSGTDFTLTISSLQAEDVAVYYCQQYYSIPRTFGQGTKVDIK,neg
1mre,QVQLQQSGAELVKPGASVKLSCKASGYTFTSYWMQWVKQRPGQGLEWIGEIDPSDSYTNYNQKFKGKATLTVDTSSSTAYMQLSSLTSEDSAVYYCANLRGYFDYWGQGTTLTVSS DVVMTQTPLSLPVSLGDQASISCRSSQSLVHSNGNTYLHWYLQKPGQSPKLLIYKVSNRFSGVPDRFSGSGSGTDFTLKISRVEAEDLGVYFCSQSTHVPRTFGGGTKLEIK,neg
2dbl,QIQLVQSGPELKKPGETVKISCKASGYAFTNYGVNWVKEAPGKELKWMGWINIYTGEPTYVDDFKGRFAFSLETSASTAYLEINNLKNEDTATYFCTRGDYVNWYFDVWGAGTTVTVSS DVVMTQIPLSLPVNLGDQASISCRSSQSLIHSNGNTYLHWYLQKPGQSPKLLMYKVSNRFYGVPDRFSGSGSGTDFTLKISRVEAEDLGIYFCSQSSHVPPTFGGGTKLEIK,neg
6bfs,EVKLQQSGPELVKPGASVKISCKASGYSFTNYYMHWMKQRPGQGLEWIGWIFPGSDNTKYNEKFKGKATLTADTSSSTAYMQLSSLTSEDSAVYFCARKGTTGFAYWGQGTLVTVSA DIQLTQSPSSLSASLGDTITITCHASQNINVWLSWYQQKPGNIPKLLIYKASNLHTGVPSRFSGSGSGTGFTLTISSLQPEDIATYYCQQGQSYPLTFGGGTKLEIK,pos
1ay1,EVQLQESGPGLVKPYQSLSLSCTVTGYSITSDYAWNWIRQFPGNKLEWMGYITYSGTTDYNPSLKSRISITRDTSKNQFFLQLNSVTTEDTATYYCARYYYGYWYFDVWGQGTTLTVSS DIQMTQSPAIMSASPGEKVTMTCSASSSVSYMYWYQQKPGSSPRLLIYDSTNLASGVPVRFSGSGSGTSYSLTISRMEAEDAATYYCQQWSTYPLTFGAGTKLELK,neg
5j74,QVQLVESEAEVKKPGSSVKVSCKASGGTFSSYAISWVRQAPGQGLEWMGGTIPIFGTADYAQEFQGRVTITTDESTSTAYMELSGLRSEDTAVYYCVLLGTTMVTGHYFDYWGQGTLVTVSS NFMLTQPPSASGTPGQSVTISCSGSGSNIGNNKVNWYQQLPGTAPKLLIYSNNQRPSGVPDRFSGSKSGTSASLAISGLQSEDEADYYCAAWDDGLSGYVFGTGTKLTVL,neg
4zyk,EVQLVESGGGVVQPGRSLRLSCAASGFSFSHYAMHWVRQAPGKGLEWVAVISYDGENTYYADSVKGRFSISRDNSKNTVSLQMNSLRPEDTALYYCARDRIVDDYYYYGMDVWGQGATVTVSS DIQMTQSPSSLSASVGDRVTITCQASQDIKKYLNWYHQKPGKVPELLMHDASNLETGVPSRFSGRGSGTDFTLTISSLQPEDIGTYYCQQYDNLPPLTFGGGTKVEIK,pos
1l7i,EVQLVESGGGLVQPGGSLRLSCAASGFTFTDYTMDWVRQAPGKGLEWVADVNPNSGGSIYNQRFKGRFTLSVDRSKNTLYLQMNSLRAEDTAVYYCARNLGPSFYFDYWGQGTLVTVSS DIQMTQSPSSLSASVGDRVTITCKASQDVSIGVAWYQQKPGKAPKLLIYSASYRYTGVPSRFSGSGSGTDFTLTISSLQPEDFATYYCQQYYIYPYTFGQGTKVEIK,neg
1mhp,EVQLVESGGGLVQPGGSLRLSCAASGFTFSRYTMSWVRQAPGKGLEWVATISGGGHTYYLDSVKGRFTISRDNSKNTLYLQMNSLRAEDTAVYYCTRGFGDGGYFDVWGQGTLVTVSS IQLTQSPSSLSASVGDRVTITCSASSSVNHMFWYQQKPGKAPKPWIYLTSNLASGVPSRFSGSGSGTDYTLTISSLQPEDFATYYCQQWSGNPWTFGQGTKVEIK,pos
1jv5,QVQLQQPGAELVKPGTSVKLSCKASGYNFTSYWINWVKLRPGQGLEWIGDIYPGSGITNYNEKFKSKATLTVDTSSSTAYMQLSSLASEDSALYYCAGQYGNLWFAYWGQGTLVTVS DIQMTQTTSSLSASLGDRVTISCRASQDINNYLNWYQQKPDGTVKLLIHYTSRLHSGVPSRFSGSGSGTDYSLTISNLEQEDIATYFCQQGNTLPWTFGGGTKLEIK,neg
1k6q,EVQLQQSGAELVRPGALVKLSCKASGFNIKDYYMHWVKQRPEQGLELIGWIDPENGNTIYDPKFQDKASITADTSSNTAYLQLSSLTSEDTAVYYCARDTAAYFDYWGQGTTLTVSS DIKMTQSPSSMSASLGESVTITCKASRDIKSYLSWYQQKPWKSPKTLIYYATSLADGVPSRFSGSGSGQDYSLTISSLESDDTATYYCLQHGESPFTFGSGTKLELK,neg
2adg,EVQLVESGGDLVKPGGSLKLSCAASGFTFSSYGMSWVRQTPDKGLEWVATISSGGSYTYYPDNVKGRFTISRDNAKNTLYLQMSSLKSEDTAMYYCARHEDGNWNYFDYWGQGTTLTVSS ETTVTQSPASLSVAIGEKVTIRCITSTDIDDDMNWYQQKPGEPPKFFISEGNTLRPGVPSRFSSSGYGTDFVFTIENMLSEDVADYYCLQSDTLPLTFGSGTKLEIK,neg
5ucb,EVQLVESGGGLVQPGGSLRLSCAASGFNVSYYSIHWVRQAPGKGLEWVASIYPYYGSTSYADSVKGRFTISADTSKNTAYLQMNSLRAEDTAVYYCARGYGWALDYWGQGTLVTVFN QMTQSPSSLSASVGDRVTITCRASQSVSSAVAWYQQKPGKAPKLLIYSASSLYSGVPSRFSGSRSGTDYTLTISSLQPEDFATYYCQQDGWSLITFGQGTKVEIK,neg
1rzg,EVQLVQSGAEVKKPGSSVKVSCKASGGTFSNYAINWVRQAPGQGLEWMGGIIPIFNIAHYAQRFQGRVSITADESTSTAYMELSSLRSEDTAVFYCASPYPNDYNDYAPEEGMSWYFDLWGRGTLVTVSP DIQMTQSPSTLSASVGDRVTITCRASQSISNWLAWYQQKPGRAPKLLMYKASSLKSGVPSRFSGSGSGTEFTLTISSLQSDDFATYYCQQHDSSPYTFGQGTKLEIK,neg
5k8a,EVTLRESGPALVKPTQTLTLTCTFSGFSLSTAGMSVGWIRQPPGKALEWLADIWWDDKKHYNPSLKDRLTISKDTSKNQVVLKVTNMDPADTATYYCARDMIFNFYFDVWGQGTTVTVSS DIQMTQSPSTLSASVGDRVTITCSASSRVGYMHWYQQKPGKAPKLLIYDTSKLASGVPSRFSGSGSGTEFTLTISSLQPDDFATYYCFQGSGYPFTFGGGTKVEIK,pos
2uyl,QVQLEQPGAELVKPGASVKLSCKASGYTFTSNWINWVKQRPGQGLEWIGHISPGSSSTNYNEKFKSKATLTVDTSSSTAYMQLSSLTSDDSAVYYCGREETVRASFGNWGQGTLVTVSA ELVMTQTPPSLPVSLGDQASISCRSSQSIVHSNGDTYLEWYLQKPGQSPKLLIYKVSNRFSGVPDRFSGSGSGTDFTLEISRVEAEDLGVYYCFQGSHVPRTFGGGTKLEIK,neg
4hij,LINLVESGGGVVQPGRSLRLSCAASGFTFSRYGMHWVRQAPGKGLEWVAVVSSDGRTTYYADSVKGRFTISRDNSKNTLYLQMNSLRAEDTAVFYCAKEGGDNKFSFDYWGQGTLVTVSS AGQLTQSPATLSLSPGERATLSCRASQSVTNYLAWYQQKPGQAPRLLIYGASNRATGIPARFSGSGSGTDFTLTISSLEPEDFAVYYCQQRDNWPPDATFGQGTKVEIK,neg
1wcb,EVKLQESGGGLVQPGHSLRLSCATSGFTFTDYYMSWVRQPPGKALEWLGLIRNKANGYTKEYSASVKGRFTISRDNSQSILYLQMNALRAEDSATYYCVRDKGSYGNYEAWFAYWGQGTTVTVSS DIELTQSPAIMAASPGEKVTITCSATSGVNYMHWFQQKPGTSPKLWIYSTSNLASAVPARFSGSGSGTSYSLTISRMEAEDAATYYCQQRSTYPFTFGGGTKLELK,pos
6meh,QVQLVQSGAEVKKPGSSVKVSCTTSGGTYINYAISWVRQAPGQGLEWVGGMSPISNTPKYAQKFQGRVTITADESTSTTYMELSSLRPEDTAVYYCARDLLKYCGGGNCHSLLVDPWGQGTLVTVSS DIVMTQSPSTLSASVGDRVTISCRASQSISSWLAWYQQKPGRAPKLLIYKASSLETGVPSRFSGSGSGTEFTLTISSLQPDDFATYYCQHYNTYLFTFGPGTKVDLK,neg
3ze0,EVQLQQSGAELVKPGASVKLSCTASGFNIKDTYVHWVKQRPEQGLEWIGRIDPANGYTKYDPKFQGKATITADTSSNTAYLQLSSLTSEDTAVYYCVRPLYDYYAMDYWGQGTSVTVSS DILMTQSPSSMSVSLGDTVSITCHASQGISSNIGWLQQKPGKSFMGLIYYGTNLVDGVPSRFSGSGSGADYSLTISSLDSEDFADYYCVQYAQLPYTFGGGTKLEIK,neg
1mvu,EVQLQQSGAELVRPGASVKLSCTASGFNIKDDFMHWVKQRPEQGLEWIGRIDPANDNTKYAPKFQDKATIIADTSSNTAYLQLSSLTSEDTAVYYCARRELYSYYSPLDVWGAGTTVTVPS DIVMTQSPSSLTVTAGEKVTMSCKSSQSLLNSGNQKNYLTWYQQKPGQPPKLLIYWASTRESGVPDRFTGSGSGTDFTLTISSVQAEDLAVYYCQNDYSYPLTFGAGTKLEPK,neg
4m6m,EVQLVQSGAEVKKPGESLKISCKGSGYSFSNYWIGWVRQMPGKGLEWMGIIDPSNSYTRYSPSFQGQVTISADKSISTAYLQWSSLKASDTAMYYCARWYYKPFDVWGQGTLVTVSS QSVLTQPPSVSGAPGQRVTISCTGSSSNIGSGYDVHWYQQLPGTAPKLLIYGNSKRPSGVPDRFSGSKSGTSASLAITGLQSEDEADYYCASWTDGLSLVVFGGGTKLTVL,neg
5myk,EVKLVESGGGLVQPGGSRKLSCAASGFTFSDYGMAWVRQAPGKGPEWVAFISNLAYSIYYADTVTGRFTISRENAKNTLYLEMSSLRSEDTAMYYCARYDYDNILDYVMDYWGQGTSVTVSS DVVMTQTPLSLPVSLGDQASISCRSSQSLVHSDGNTYLHWYLQKPGQSPKLLIYKVSNRFSGVPDRFSGSGSGTDFTLKISRVEAEDLGVYFCSQSTHVPPTFGGGTKLEIK,neg
6i8s,QVQLVQSGAEVKKPGSSVKVSCKASGGTFSSYAISWVRQAPGQGLEWMGGIIPTFGTANYAQKFQGRVTITADESTSTAYMELSSLRSEDTAVYYCARERRQWLEGHFDYWGRGTLVTVSS DIQMTQSPSTLSASVGDRVTITCRASEGIYHNLAWYQQKPGKAPKLLIYKASSLASGVPSRFSGSRSGTEFTLTISSLQPDDFATYYCQQYSNYPLTFGGGTKVEIK,pos
2vdl,EVQLQQSGAELVKPGASVKLSCTASGFNIKDTYVHWVKQRPEQGLEWIGRIDPANGYTKYDPKFQGKATITADTSSNTAYLQLSSLTSEDTAVYYCVRPLYDYYAMDYWGQGTSVTVSS DILMTQSPSSMSVSLGDTVSITCHASQGISSNIGWLQQKPGKSFMGLIYYGTNLVDGVPSRFSGSGSGADYSLTISSLDSEDFADYYCVQYAQLPYTFGGGTKLEIK,neg
4d9r,EVQLVQSGPELKKPGASVKVSCKASGYTFTNYGMNWVRQAPGQGLEWMGWINTYTGETTYADDFKGRFVFSLDTSVSTAYLQISSLKAEDTAVYYCEREGGVNNWGQGTLVTVSS DIQVTQSPSSLSASVGDRVTITCITSTDIDDDMNWYQQKPGKVPKLLISGGNTLRPGVPSRFSGSGSGTDFTLTISSLQPEDVATYYCLQSDSLPYTFGQGTKVEIK,neg
2arj,QVQLKESGPGLVQPSQTLSLTCTVSGFSLTSNSVHWVRQPPGKGLEWMGGIWGDGDTDYNSALKSRLSISRDTSKNQVFLKMNSLQTDDTAIYFCTPLIGSWYFDFWGPGTMVTASS DIVMTQSPSSLAVSAGERVTLNCKASQNVRNNIAWYQQKPGQSPKLLIYYASYRYTGVPDRFTGDGFGTDFTLAINSVQADDAAFYYCQRIYNSPYTFGAGTKLELI,neg
3qct,EVQLVQSGAEVKKPGESLKISCQAFGYGFINYLIEWIRQMPGQGLEWIGLINPGSDYTNYNENFKGQATLSADKSSSTAYLQWSSLKASDTAMYFCARRFGYYGSGNYFDYWGQGTMVTVSS DVVMTQTPLSLPVTPGEPASISCTSGQSLVHINGNTYLHWYLQKPGQSPKLLIYKVSNLFSGVPDRFSGSGSGTDFTLKISRVEAEDVGVYFCSQSTHFPFTFGQGTKLEIK,neg
1n8z,EVQLVESGGGLVQPGGSLRLSCAASGFNIKDTYIHWVRQAPGKGLEWVARIYPTNGYTRYADSVKGRFTISADTSKNTAYLQMNSLRAEDTAVYYCSRWGGDGFYAMDYWGQGTLVTVSS DIQMTQSPSSLSASVGDRVTITCRASQDVNTAVAWYQQKPGKAPKLLIYSASFLYSGVPSRFSGSRSGTDFTLTISSLQPEDFATYYCQQHYTTPPTFGQGTKVEIK,pos
4qxu,EVKLVESGGGLVKPGGSLKLSCAASGFIFSNYAMSWVRQTPEKRLEWVATISGGGRNIYSLDSVKGRFTFFRDNARNTLYLQMSSLRSEDTAMYFCSRENYGSSFTYWGQGTLVTVSS DVLMTQTPLSLPVGLGDQASISCRSSQSIVHSNGNTYLEWYLQKPGQSPKLLIYKVSNRFSGVPDRFSGSGSGTDFTLKISRVEAEDLGVYYCFQGSHAPYTFGGGTKLEIK,neg
5u5m,EVQLVESGGGLVQPGGSLRLSCAASGFNIKDTYIHWVRQSPGKGLEWVARIYPTNGYTRYADSVKGRFTISADTSKNTAYLQMNSLRAEDTAIYYCSRWGGDGFYAMDYWGQGTLVTVSS DIQMTQSPILLSASVGDRVTITCRASQDVNTAVAWYQQRTNGSPRLLIYSASFLYSGVPSRFSGSRSGTDFTLTISSLQPEDEADYYCQQHYTTPPTFGAGTKVEIK,neg
5od8,QVQLVQSGAEVKKPGSSVKVSCRASGGTFSNYVISWVRQAPGQGLEWMGGIIPIFGTAHYAQKFQGRVTITADASTSTAYMELSSLRSEDTAVYYCARINTSPILTGYYFPGVHDYWGQGTLVTVSS AIRMTQSPSSVSASVGDRVTITCRASQSISSWLAWYQQKPGKAPKLLIYSASSLQSGVPSRFSGSGSGTDFTLTISSLQPEDFATYYCQQANSFPFTFGPGTKVDIK,neg
1d5b,QVQLQQSGAELMKPGASVKISCKATGYTFSSFWIEWVKQRPGHGLEWIGEILPGSGGTHYNEKFKGKATFTADKSSNTAYMQLSSLTSEDSAVYYCARGHSYYFYDGDYWGQGTSVTVSS DIKMTQSPSSMYASLGERVTITCKASQDINSYLNWFQQKPGKSPKTLIYRTNRLVDGVPSRFSGSGSGQDYSLTISSLEYEDMGIYYCLQYDEFPYTFGSGTKLEIK,pos
6emj,EVQLVESGGGLVQPGGSLRLSCATSGFDFSRYWMSWVRQAPGKGLVWIGEVNPDSTSINYTPSLKDQFTISRDNAKNTLYLQMNSLRAEDTAVYYCTRPNYYGSRYHYYAMDYWGQGTLVTVSS DIQMTQSPSSLSASVGDRVTITCRASQDINNYLNWYQQKPGKAPKLLIYYTSRLHSGVPSRFSGSGSGTDFTFTISSLQPEDIATYYCQQGSTLPFTFGQGTKLEIK,neg
5ewi,EVQLVESGGKLVQPGGSLRLSCEASGESVGDNDMHWVRQVAGKGLEWVSSIGSSGDTYYIDAVKGRFTVSRDKGRNSVYLQMKTLTVGDTGVYFCVRGPESGWFYHYYWGLGVWGRGTTVTVSS DLLMTQSPHSLAVTPGEPASISCRSSQSLLLGNGRNYLDWYVQKPGQSPQLLIYLGSNRASGVPDRFSGSGSGTYFTLKISRVEAEDVGFYYCMEARQTPRLTFGGGTKLEIR,neg
3mlv,EVQLVESGGEVKQPGQSLKISCKSSGYNFLDSWIGWVRQIPGKGLEWIGIIYPDDSDAHYSPSFEGQVTMSVDKSISTAYLQWTTLQASDTGKYFCTRLYLFEGAQSSNAFDLWGQGTMILVSS SYLLTQPPSVSVSPGQTASISCSGDKLDDKYVSWYYQRPGQSPVLLMYQDFKRPSGIPERLSGSKSGKTATLTISGTQSLDEGDYYCQAWDASTGVSGGGTKLTVL,neg
5iop,QVQLKQSGPGLVQPSQSLSITCTVSGFSLTNYGVHWVRQSPGKGLEWLGVIWSGGNTDYNTPFTSRLSINKDNSKSQVFFKMNSLQSNDTAIYYCARALTYYDYEFAYWGQGTLVTVSA DILLTQSPVILSVSPGERVSFSCRASQSIGTNIHWYQQRTNGSPRLLIKYASESISGIPSRFSGSGSGTDFTLSINSVESEDIADYYCQQNNNWPTTFGAGTKLELK,neg
4lly,EVQLVESGGGLVQPGGSLRLSCAASGFTFTDYTMDWVRKAPGKGLEWVADVNPNSGGSIYNQEFKGRFTLSVDRSKNTLYLQMNSLRAEDTAVYYCARNLGPSFYFDYWGQGTLVTVSS RIQMTQSPSSLSASVGDRVTITCKASQDVSIGVAWYQDKPGKAPKLLIYSASYRYTGVPSRFSGSGSGTDFTLTISSLQPEDFATYYCQQYYIYPYTFGQGTKVEIK,neg
4iml,QVQLVQSGAEVKKPGASVKVSCKASGYTFTGYYMHWVRQAPGQGLEWMGWINPNSGGTNYAQKFQGRVTMTRDTSISTAYMELSRLRSDDTAVYYCARSPNPYYYDSSGYYYPGAFDIWGQGTMVTVSS QPGLTQPPSVSVAPGQTARITCGGNNIGSKSVHWYQQKPGQAPVLVVYDDSDRPSGIPERFSGSNSGNTATLTISRVEAGDEADYYCQVWDSSSDHYVFGTGTKVTVL,neg
1eo8,QVQLQQSGAELMKPGPSVKISCKATGYSFSTYFIEWIRQRPGHGLEWIGEILPGSDNTNFNEKFKDRATFTADTPSNTAYMQLSSLTSEDSAVYYCARPTGRLWFSYWGQGTLVTVSA QIILTQSPAIMSASPGEKVTMTCSASSDISYMHWYQQKSDTSPKIWIYDTSKLASGVPARFSGSGSGTSYSLTISTMEAEDAATYYCHQRSSYPTFGGGTKLEIK,neg
3zl4,QVQLQESGPGLVKPSETLSLTCAVSGYSISSGYYWGWIRQPPGKGLEWIGSIYHSGSTYYNPSLKSRVTISVDTSKNQFSLKLSSVTAADTAVYYCAGLTQSSHNDANWGQGTLVTVSS QSVLTQPPSVSAAPGQKVTISCSGSSSNIGNNYVSWYQQLPGTAPKLLIYDNNKRPSGIPDRFSGSKSGTSATLGITGLQTGDEADYYCGTWDSSLNPVFGGGTKLTVL,neg
6qnk,DVQLVESGGGLVQPGGSRKLSCSASGFAFSSFGMHWVRQAPEKGLEWVAYISSGSGTIYYADTVKGRFTISRDDPKNTLFLQMTSLRSEDTAMYYCVRSIYYYGSSPFDFWGQGTTLTVSS DIVMTQATSSVPVTPGESVSISCRSSKSLLHSNGNTYLYWFLQRPGQSPQLLIYRMSNLASGVPDRFSGSGSGTAFTLTISRLEAEDVGVYYCMQHLEYPLTFGAGTKLELK,neg
4zpt,EVKLVESGGGLVKPGGSLKLSCAASGFTFSSYAMSWVRQTPEKRLEWVATISSGGTYTYYPDSVKGRFTISRDNAENTLYLQMSSLRSEDTAMYYCVRDGNSMDYWGQGTSVTVSS DIQMTQTTSSLSASLGDRVTIICRASQDINNYLNWYQQKPDGTVKLLIYYTSRLHSGVPSRFSGSGSGSDYSLTISNLEQEDIATYFCQQANTLPPTFGAGTKLELR,pos
5zia,QVQLVQSGAEVKKPGASVKVSCTASGYTFTGYYLHWVRQAPGQGLEWMGWVNPRSGGTSYPPKFQGRVTMTRDTSINTAYMDLTWLTSDDTAVYYCAVGRIPDVTAFDIWGQGTPVTVSS DIQMTQSPDSLAVSLGERATINCKSSESLLYDSNNKNYLAWYQQKPGQPPKLLIYWASTRESGVPDRFSGSGSETDFTLTISSLQAEDVAVYHCQQYFSTPWTFGQGTKLEIK,neg
2fx7,QVQLVQSGAEVKRPGSSVTVSCKASGGSFSTYALSWVRQAPGRGLEWMGGVIPLLTITNYAPRFQGRITITADRSTSTAYLELNSLRPEDTAVYYCAREGTTGWGWLGKPIGAFAHWGQGTLVTVSS EIVLTQSPGTQSLSPGERATLSCRASQSVGNNKLAWYQQRPGQAPRLLIYGASSRPSGVADRFSGSGSGTDFTLTISRLEPEDFAVYYCQQYGQSLSTFGQGTKVEVK,neg
6dzr,EVQLVESGGGLVQPGGSLRLSCAASGFTFSNYWMSWVRQSPEKGLEWVSEIRLRSDNYATHYAESVKGRFTISRDNSKNTLYLQMNSLRAEDTGIYYCRTYFYSFSYWGQGTLVTVSS ELQMTQSPSSLSASVGDRVTITCRSSQSLLHTYGSPYLNWYLQKPGQSPKLLIYKVSNRFSGVPSRFSGSGSGTDFTLTISSLQPEDFAVYFCSQGTHLPYTFGGGTKVEIK,neg
6bgt,EVQLVESGGGLVQPGGSLRLSCAASGFNIDDTYIHWVRQAPGKGLEWVARIYPTNGYTRYADSVKGRFTISADTSKNTAYLQMNSLRAEDTAVYYCSRWGGDGFYAMDYWGQGTLVTVSS DIQMTQSPSSLSASVGDRVTITCRASQDVNTAVAWYQQKPGKAPKLLIYSADFLYSGVPSRFSGSRSGTDFTLTISSLQPEDFATYYCQQHYTTPPTFGQGTKVEIK,pos
4g6m,QVQLQESGPGLVKPSQTLSLTCSFSGFSLSTSGMGVGWIRQPSGKGLEWLAHIWWDGDESYNPSLKSRLTISKDTSKNQVSLKITSVTAADTAVYFCARNRYDPPWFVDWGQGTLVTVSS DIQMTQSTSSLSASVGDRVTITCRASQDISNYLSWYQQKPGKAVKLLIYYTSKLHSGVPSRFSGSGSGTDYTLTISSLQQEDFATYFCLQGKMLPWTFGQGTKLEIK,pos
6mto,QVQLVQSGPEVKKPGSSLKVSCKASGGSFSTYTLSWVRQTPGQGLEWMGGIIPLLGLPNYAPKFQGRVTFSADTSTNTAYMEMSRLRFEDTAVYFCAREGAGWFGKPVGAMGYWGQGTTVTVSS EIVLTQSPDTLSLSPGERASLSCRASQNVRNSNLAWYQHKPGQPPRLLIYGASSRASGIPGRFSGSGSGTDFTLTISRLEPEDFAVYYCQQYGGSFGTFGQGTKVEFR,neg
6avn,EVRLVQSGAEVKKPGASVRVSCAASGYTFTDFDIHWLRQAPGRGLEWMGWVRPLGGGVSYARQFQGRVTMTRDFYIDTAFMDFRNLKMDDTALYFCARMGAAREWDFQYWGQGTRVLVSS QSALTQPASVSGSPGQSITISCTASSDFRGFSSVSWYQQVPGRAPKLLIFSVNRRPSGISHRFSGSKSGNTASLTISGLQIEDEADYHCNAYEFFGGGTKVFVL,neg
5xwd,QVQLQESGPGLVKPSETLSLTCTVSGGSISSSSYYWGWIRQPPGKGLEWIGSIYYSGSTYYNPSLKSRVTISVDTSKNQFSLKLSSVTAADTAVYYCARLPMVTMSFDYWGQGTLVTVSS SYVLTQPPSVSVAPGKTARITCGGNNIGSKSVHWYQQKPGQAPVLVIYYDSDRPSGIPERFSGSNSGNTATLTISRVEAGDEADYYCQVWDSSSDHVVFGGGTKLTVL,neg
2igf,EVQLVESGGDLVKPGGSLKLSCAASGFTFSRCAMSWVRQTPEKRLEWVAGISSGGSYTFYPDTVKGRFIISRNNARNTLSLQMSSLRSEDTAIYYCTRYSSDPFYFDYWGQGTTLTVSS DVLMTQTPLSLPVSLGDQASISCRSNQTILLSDGDTYLEWYLQKPGQSPKLLIYKVSNRFSGVPDRFSGSGSGTDFTLKISRVEAEDLGVYYCFQGSHVPPTFGGGTKLEIK,neg
3ffd,EVQLVESGGDLVKPGGSLKLSCAASGFTFSSYGMSWIRQTPDKRLEWVATISSGGSYTYYPDSVKGRFTISRDNAKNTLYLQMSSLKSEDTAMFYCARQTTMTYFAYWGQGTLVTVSA QLVLTQSSSASFSLGASAKLTCTLSSQHSTYTIEWYQQQPLKPPKYVMDLKQDGSHSTGDGIPDRFSGSSSGADRYLSISNIQPEDEAMYICGVGDTIKEQFVYVFGGGTKVTVL,neg
2bfv,QVQLQESGGGLVNLGGSMTLSCVASGFTFNTYYMSWVRQTPEKTLELVAAINSDGEPIYYPDTLKGRVTISRDNAKKTLYLQMSSLNFEDTALYYCARLNYAVYGMDYWGQGTTVTVSS DIELTQSPPSLPVSLGDQVSISCRSSQSLVSNNRRNYLHWYLQKPGQSPKLVIYKVSNRFSGVPDRFSGSGSGTDFTLKISRVAAEDLGLYFCSQSSHVPLTFGSGTKLEIK,neg
1s3k,EVQLVESGGGVVQPGRSLRLSCSTSGFTFSDYYMYWVRQAPGKGLEWVAYMSNVGAITDYPDTVKGRFTISRDNSKNTLFLQMDSLRPEDTGVYFCARGTRDGSWFAYWGQGTPVTVSS DIQMTQSPSSLSASVGDRVTITCRSSQRIVHSNGNTYLEWYQQTPGKAPKLLIYKVSNRFSGVPSRFSGSGSGTDFTFTISSLQPEDIATYYCFQGSHVPFTFGQGTKLQIT,pos
1ngz,QVQLLESGAELVKPGASVKLSCKASGYTFTSYWMHWVKQRPGRGLEWIGRIDPNSGGTKYNEKFKSKATLTVDKPSSTAYMQLSSLTSEDSAVYYCTRRDSDYWGAGTTVTVSS ELVMTQTPKFMSTSVGDRVSITCKASQNVGTAVAWYQQKPGQSPKLLIYSASNRYTGVPDRFTGSGSGTDFTLTISNMQSEDLADYFCQQYSSYPLTFGGGTKVEIK,pos
6obd,EVQLVESGGGLVQPGGSLRLSCAASGFPFSNYWMNWVRQAPGKGLEWVGQIRLKSNNYATHYAESVKGRFTISRDDSKNSLYLQMNSLKTEDTAVYYCTPIDYWGQGTTVTVSS DIVMTQTPLSLSVTPGQPASISCKSSQSLLYSNGKTYLNWVLQKPGQSPQRLIYLVSKLDSGVPDRFSGSGSGTDFTLKISRVEAEDVGVYYCVQGSHFHTFGQGTKLEIK,neg
4uuj,QVQLQQPGAELVKPGASVKLSCKASGYTFTSDWIHWVKQRPGHGLEWIGEIIPSYGRANYNEKIQKKATLTADKSSSTAFMQLSSLTSEDSAVYYCARERGDGYFAVWGAGTTVTVSS DILLTQSPAILSVSPGERVSFSCRASQSIGTDIHWYQQRTNGSPRLLIKYASESISGIPSRFSGSGSGTDFTLSINSVESEDIANYYCQQSNRWPFTFGSGTKLEIK,neg
5j75,QVQLVESEAEVKKPGSSVKVSCKASGGTFSSYAISWVRQAPGQGLEWMGGTIPIFGTADYAQEFQGRVTITTDESTSTAYMELSGLRSEDTAVYYCVLLGTTMVTGHYFDYWGQGTLVTVSS NFMLTQPPSASGTPGQSVTISCSGSGSNIGNNKVNWYQQLPGTAPKLLIYSNNQRPSGVPDRFSGSKSGTSASLAISGLQSEDEADYYCAAWDDGLSGYVFGTGTKLTVL,neg
6qn7,QVQLQESGPSLVKPSQTLSLTCTVSGFSLSSYSVSWVRQAPGKTLEWLGDASNGGIIYYNPALKSRLGITRDNSKSQVSLSLNTITPEDTATYYCAKCSVGDSGSYACTGRKGEYVDAWGQGLLVTVSS QAVLTQPPSVSGSLGQRVSITCSGSSDNIGIFAVGWYQQVPGSGLRTIIYGNTKRPSGVPDRFSGSKSGNTATLTINSLQAEDEADYFCVCGESKSATPVFGGGTTLTVL,neg
4why,EVKLQESGGGLVQPGRSLKLSCAASGFTFSDSYLAWVRQAPTKGLEWVASITNSGGRFYYRDSVKGRFTISRDNAKSTLYLQMDSLRSEDTATYYCTRMDYWGQGTTVTVSS DIVLTQTTPTLSATIGQSVSISCRSSQSLLESDGNTYLNWLLQRPGQSPQLLIYSVSNLESGVPNRFSGSGSETDFTLKISGVEAEDLGVYYCMQTTHAPTFGAGTKLELK,neg
6dca,VQLQQSGPELVKPGASVKISCKTSEYTFTEYTKHWVKQSHGKSLEWIGSINPNNGDTYYNQKFTDKATLTVDKSSTTASMELRSLTFEDSAVYYCAMGDSAWFAYWGQGTLVTVSS DVQMTQTPLTLSVTIGQPASISCKSSQSLLYSNGKTYLNWLLQRPGQSPKRLIYLVSKLDSGVPDRFTGSGSGTDFTLKISRVEAEDLGVYYCVQGTHSPLTFGAGTKLELK,neg
4gq9,QVQLQQPGAELVRPGSSVKLSCKASGYTFTSKWMHWVKQRPIQGLEWIGNIDPSDSETHYNQKFKDKATLTVDKSSSTAYMQLSSLTSEDSAVYYCARGVTRGYFDVWGTGTTVTVSS QIVLTQSPAIMSASPGEKVTMTCSASSSVTYMYWYQQKPGSSPRLLIYDTSNLASGVPVRFSGSGSGTSYSLTISRMEAEDAATYYCQQRTNYPLTFGAGTKLELK,neg
4jo4,QSLEESGGDLVKPGASLTLTCTASGFSFTNNYYMCWVRQAPGKGLEWIACIYGGGRDIVFYATWAKGRFTISKTSSTTVTLQMTSLTAADTATYFCARENFDAVGVGGGTYSTDYYFDLWGPGTLVIVSS DIVMTQTPASVSAAVGGTVTINCQASETISNYLAWYQQKPGQPPKLLIYKASTLASGVSSRFKGSGSGTEYTLTISGVQCDDAATYYCQQGYSISDIDNSFGGGTEVVVK,neg
5e08,EVQLVESGGGLVQPGGSLRLSCAASGFSISSSYIHWVRQAPGKGLEWVAYIYPYYGSTYYADSVKGRFTISADTSKNTAYLQMNSLRAEDTAVYYCARYYSSGGSYYRYSRGFDYWGQGTLVTVSS DIQMTQSPSSLSASVGDRVTITCRASQSVSSAVAWYQQKPGKAPKLLIYSASSLYSGVPSRFSGSRSGTDFTLTISSLQPEDFATYYCQQSYSYPYTFGQGTKVEIK,pos
1rul,RVQLQQSGPGLVKPSQSLSLTCTVTGYSITSDFAWNWIRQFPGNKLEWMGYINYSGFTSHNPSLKSRISITRDTSKNQFFLQLNSVTTEDTATYYCAGLLWYDGGAGSWGQGTLVTVSA DVVMTQSPKTISVTIGQPASISCKSSQRLLNSNGKTFLNWLLQRPGQSPKRLIYLGTKLDSGVPDRFTGSGSGTDFTLKISRVEAEDLGVYYCWQGTHFPYTFGGGTKLEIK,neg
6e4z,EVKLEESGGGLVQPGGSMKLSCVASRFTLSKYWMNWVRQSPEKGLEWVAQIRLKSDNYATHYAESVKGRFTISRDDSKSSVYLQMNNLRAEDTGIYYCTGEIFVNWGQGTLVTVSA DIVMTQAAPSVPVTPGESVSISCRSSKSLLHSNGNTYLYWFLQRPGQSPQLLIYRMSNLASGVPDRFSGSGSGTAFTLRISRVEAEDVGVYYCMQHLEYPFTFGAGTKLELK,neg
3juy,QVQLVQSGAEVKKPGASVKVSCQASGYRFSHFTVHWVRQAPGQRFEWMGWINPYNGNKEFSAKFQDRVTFTADTSANTAYMELRSLRSADTAVYYCARVGEWGWDDSPYDNYYMDVWGKGTTVIVSS EIVLTQAPGTLSLSPGERATFSCRSSHSIRSRRVAWYQHKPGQAPRLVIHGVSNRASGISDRFSGSGSGTDFTLTITRVEPEDFALYYCQVYGASSYTFGQGTKLERK,neg
4onf,EVKLVESGGGLVKPGASLKLSCAASGFTFSNYGMSWVRQNSDKRLEWVASIRSGGGRTYYSDNVKGRFTISRENAKNTLYLQMSSLKSEDTALYYCVRYDHYSGSSDYWGQGTTVTVSS YVVMTQTPLTLSVTIGQPASISCKSSQSLLDSDGKTYLNWLLQRPGQSPKRLIYLVSKLDSGVPDRFTGSGSGTDFTLKISRIEAEDLGLYYCWQGTHFPRTFGGGTKLEIK,neg
4aeh,QVQLQQPGAEVVKPGASVRLSCKASGYSFTSNWINWVKQRPGQGLEWIGNISPGGSNTNHNEKFKSKATLTADTSSSTAYMQLSSLTSDDSAVYYCARYDGDYGSFDYWGQGTTLTVSS DVQMTQSPASLSVSVGETVTITCRASENIYRNLAWYQQKQGKSPQLLVYAATNLAAGVPSRFSGSGSGTQYSLKINSLQSEDFGSYYCQHFWNIPFTFGSGTKLEIK,pos
5d93,QVQLQQSGPELVKPGASVKISCKASGYSFTSYYIHWVKQRPGQGLEWIGWIYPGSYNTEYSEKFKGKATLTADTSSSTAYMQLSSLTSEDSAVYYCARSEDWFAYWGQGTLVTVSA QIVLTQSPAIMSASPGEKVTISCSASSSVSYMYWYHQKPGSSPKPWIYRTSNLASGVPARFSGSGSGTSYSLTISSMEAEDAATYYCQQYHSYPLTFGAGTKLELK,neg
4f37,QVTLKESGPGILQPSQTLSLTCSFSGFSLRTSRVGVSWIRQPSGKGLEWLAHIYWDDDKRYNPSLESRLTISKDTSRNQVFLKITSVDTADTATYYCARRGFYGRKYEVNHFDYWGQGTTLTVSS DIVMTQTPLSLPVSLGDQASISCRSSQTILHSNGNTYLEWYLQKPGQSPNLLIYKVSKRFSGVPDRFSGSGSGTDFTLKISRVEAEDLGVYYCFQGSRVPLTFGAGTKLELK,neg
3mck,QVTLKESGPGILQPSQTLSLTCSFSGFSLSTSGMGVSWIRQPSGKGLEWLAHIYWDDDKRYNPSLKSRLTISKDTSRNQVFLKITSVDTTDTATYYCTRSSGSIVIATGFAYWGQGTLVTVSA DVMMTQTPLSLPVSLGDQASISCRSSQSLVHSNGNTYLEWYMQKPGQSPMLLIYKVSNRFSGVPDRFSGSGSGTDFTLKISSVEAEDLGVFYCFQGSRVPLTFGAGTKLELK,neg
3gkw,QVQLQQSGAEVKKPGSSVKVSCKASGYTFTNYYIYWVRQAPGQGLEWIGGINPTSGGSNFNEKFKTRVTITADESSTTAYMELSSLRSEDTAFYFCTRQGLWFDSDGRGFDFWGQGTTVTVSS DIQMTQSPSSLSASVGDRVTITCRSSQNIVHSNGNTYLDWYQQTPGKAPKLLIYKVSNRFSGVPSRFSGSGSGTDFTFTISSLQPEDIATYYCFQYSHVPWTFGQGTKLQIT,pos
4jg0,EVQLVESGGGLVQPGGSLRLSCVTSGFTFRKFGMSWVRQAPGKGLEWVASISTPRGSTTYYSDSVKGRFTISRDNSKNTLYLQMNSLRAEDTAVYYCTRGYSSTSYAMDYWGQGTLVTVSS DIVLTQSPATLSLSPGERATLSCMTSTDIDDDMNWYQQKPGQAPRLLISEGNTLRPGVPARFSGSGSGTDFTLTISSLEPEDFAVYYCLQSFNVPLTFGQGTKVEIK,neg
5hbv,EVQLQESGPGLVQPSETLSLTCTVSGFSLTSYSVSWLRQPSGKGPEWMGRMWDDGGTVYNSGLKSRLSISRDTSKNQVFLKMNSLQTDDTGTYYCTRDERIRAINWFAYWGQGTLVTVSS DIVITQSPSLLSASVGDRVTLTCKGSQNIDNYLAWYQQKLGEAPKLLIYKTNSLQTGIPSRFSGSGSGTDYTLTISSLHSEDLATYYCYQYINGYTFGTGTKLELK,neg
1sy6,QVQLQQSGAELARPGASVKMSCKASGYTFTRYTMHWVKQRPGQGLEWIGYINPSRGYTNYNQKFKDKATLTTDKSSSTAYMQLSSLTSEDSAVYYCARYYDDHYCLDYWGQGTTLTVSS QIVLTQSPAIMSASPGEKVTMTCSASSSVSYMNWYQQKSGTSPKRWIYDTSKLASGVPAHFRGSGSGTSYSLTISGMEAEDAATYYCQQWSSNPFTFGSGTKLEIN,pos
3eyf,QVRLVESGGGVVQPGGSLRLSCEGSGFKFGDHGIHWVRQAPGEGLQWLTVISSDGTDERYTDSVKGRFTISRDNSKNTMSLQMNNLRPEDMGLYYCARDGKCGGGRCYSGLLDYWGQGTMVTVSS EIVLTQSPATLSLSPGERATLSCRASQSVGGYLTWYQHKPGQAPRLLIFDASIRATGIPARFSGSGSGTDFTLTITRLEPEDFAVYYCQQRSMWPPVTFGQGTKLEIK,neg
1u93,RITLKESGPPLVKPTQTLTLTCSFSGFSLSDFGVGVGWIRQPPGKALEWLAIIYSDDDKRYSPSLNTRLTITKDTSKNQVVLVMTRVSPVDTATYFCAHRRGPTTLFGVPIARGPVNAMDVWGQGITVTISS ALQLTQSPSSLSASVGDRITITCRASQGVTSALAWYRQKPGSPPQLLIYDASSLESGVPSRFSGSGSGTEFTLTISTLRPEDFATYYCQQLHFYPHTFGGGTRVDVR,neg
1hil,EVQLVESGGDLVKPGGSLKLSCAASGFSFSSYGMSWVRQTPDKRLEWVATISNGGGYTYYPDSVKGRFTISRDNAKNTLYLQMSSLKSEDSAMYYCARRERYDENGFAYWGQGTLVTVSA DIVMTQSPSSLTVTAGEKVTMSCTSSQSLFNSGKQKNYLTWYQQKPGQPPKVLIYWASTRESGVPDRFTGSGSGTDFTLTISSVQAEDLAVYYCQNDYSNPLTFGGGTKLELK,pos
1kel,EVKLVESGGGLGQPGGSLRLSCATSGFTFTDYYFNWARQPPGKALEWLGFIRNKAKGYTTEYSASVKGRFTISRDNSQGILYLQMNTLRAEDSATYYCARWGSYAMDYWGQGTSVTVSS DVLMTQTPLSLPVSLGDQASISCRFSQSIVHSNGNTYLEWYLQKSGQSPKLLIYKVSNRFSGVPDRFSGSGSGTDFTLKISRVEAEDLGVYYCFQGSHVPRTFGGGTKLEIK,neg
5gs3,EVQLVESGGGLVQPGGSLRLSCAASGFTFRNSAMHWVRQAPGKGLEWVSSIWYSGSNTYYADSVKGRFTISRDNSKNTLYLQMNSLTAEDTAVYYCARFAGGWGAYDVWGQGTLVTVSS DIQMTQSPSSLSASVGDRVTITCRASQSIGLYLAWYQQKPGKAPKLLIYAASSLQSGVPSRFSGSGSGTDFTLTISSLQPEDFATYYCQQGNTLSYTFGQGTKVEIK,neg
4tuj,EVQLLQSGPELEKPGASVMISCKASGSSFTGYNMNWVRQNIGKSLEWIGAIDPYYGGTSYNQKFKGRATLTVDKSSSTAYMHLKSLTSEDSAVYYCVSGMEYWGQGTSVTVSS DVVMTQTPLSLPVSLGDQASISCRSSQSLVHRNGNTYLHWYLQKPGQSPKLLIHKVSNRFSGVPDRFSGSGSGTDFTLKISRVEAEDLGVYFCSQSTHVPPLTFGAGTKLELK,neg
3v52,EVKLVESEGGLVQPGSSMKLSCTASGFTFSDYYMAWVRQVPEKGLEWVANINYDGSSTYYLDSLKGRFIISRDIAKNILYLQMSSLRCEDTATYYCARLTNGYLDVWGAGTTVTVSS DVVMTQTPLSLPVSLGDQASISCRSSQSLVHSNGNTYLHWYLQKPGQSPNLLIYKVSNRFSGVPDRFSGSGSGTDFTLKISRVEAEDLGVYFCSQSTHVPTFGGGTKLEIK,neg
5xmh,QVQLVQSGAEVKKPGSSVKVSCKASGGTFSSYPISWVRQAPGQGLEWVGGIIPLFGTANYAQRFQGRVTITADESTRTAYMEVSTLRSEDTAVYYCARGIASAGTPDYFFYWGQGTLVTVSS EIVLTQSPGTLSLSPGERATLSCRASQSISSSYLAWYQQRPGQAPRLLIYGASTRATGIPDRFSGSGSGTDFTLTISRLEPEDFAVYYCQQYGSSPYTFGQGTKLEIK,neg
1rfd,EVTLQESGGGLVQPGGSMKLSCAASGFTFSDAWVDWVRQSPGKGLEWVAEIRNKANNHATKYTESVKGRFTISRDDSKSSVYLQMNSLRAEDTGIYYCTSVPQLGRGFAYWGQGTLVTVSA DIVMTQAAPSVPVTPGESVSISCRSSKSLLHSNGYTYLHWFLQRPGQSPQLLIYRVSNLASGVPDRFSGSGSGTAFTLRFSRVEAEDVGVYYCMQHLEYPFTFGSGTKLEIK,neg
5lx9,EVLLQQSGPELVKPGASVRITCKASGYTFTDFNMDWVKQSPGKSLEWIGDFNPNSGGSIYNQKFKDKATFTVDKSSSTAYMELRSLTFEDTAVYYCARETGTAWFAYWGQGTLVTVSA DIQMTQSPASLSASVGETVTITCRASGNIHNFLAWYQQKQGKSPQVLVYNAKTLADGVPSRFSGSGSGTQYSLKINSLQPEDFGSYYCQQFWSTPYTFGGGTKLEIN,neg
1xgt,EVQLQESGPSLVKPSQTLSLTCSVTGDSVTSDLWSWIRKFPGNKLEYMGYISYSGSTYYHPSLKSRISITRDTSKNQYYLQLNSVTTEDTATYYCASWGGDVWGAGTTVTVSS DIVLTQSPATLSVTPGDSVSLSCRASQSISNNLHWYQQKSHESPRLLIKYASQSISGIPSRFSGSGSGTDFTLSINSVETEDFGMYFCQQSNSWPYTFGGGTKLEIK,pos
6mi2,EVQLVQSGAEVKKPGESLRISCKGSGYSFSTYWISWVRQMPGKGLEWMGKIYPGDSYTNYSPSFQGQVTISADKSISTAYLQWSSLKASDTAMYYCARGYGIFDYWGQGTLVTVSS SYELTQPPSVSVSPGQTASITCSGDNIGDQYAHWYQQKPGQSPVLVIYQDKNRPSGIPERFSGSNSGNTATLTISGTQAMDEADYYCATYTGFGSLAVFGGGTKLTVL,neg
3aaz,QVTLKESGPTLVKPTQTLTLTCTFSGFSLRTSRVGVSWIRQPPGKALEWLAHIYWDDDKRYNPSLKSRLTISKDTSKNQVVLTMTNMDPVDTATYYCARRGFYGRKYEVNHFDYWGQGTTVTVSS DIVMTQSPLSLPVTPGEPASISCRSSQSIVHSNGHTYLEWYLQKPGQSPRLLIYQVSTRFSGVPDRFSGSGSGTDFTLKISRVEAEDVGVYYCFQASLVPLTFGQGTKLEIK,pos
1ic4,DVQLQESGPSLVKPSQTLSLTCSVTGDSITSAYWSWIRKFPGNRLEYMGYVSYSGSTYYNPSLKSRISITRDTSKNQYYLDLNSVTTEDTATYYCANWDGDYWGQGTLVTVSA DIVLTQSPATLSVTPGNSVSLSCRASQSIGNNLHWYQQKSHESPRLLIKYASQSISGIPSRFSGSGSGTDFTLSINSVETEDFGMYFCQQSNSWPYTFGGGTKLEIK,neg
5eoq,QVTLKESGPGILKPSQTLSLTCSFSGFSLSTSGMGVGWIRQPSGKGLEWLAHIWWDDDKYYNPSLQSQLTISKDTSRNQVFLKITSVDTADSATYYCAHDRGYYAMDYWGQGISVTVSS DVVMTQTPLSLSVSLGDQASISCRSSQSLVHSNGNTYLHWYLQKPGQSPKLLIYKVSNRFSGVPDRLSGSGSGTDFTLKISRVEAEDLAVYFCSQSTHVPPTFGGGTKLELK,neg
4kzd,EVQLVESGGGLVQPGGSLRLSCAASGFYISYSSIHWVRQAPGKGLEWVASISPYSGSTYYADSVKGRFTISADTSKNTAYLQMNSLRAEDTAVYYCARQGYRRRSGRGFDYWGQGTLVTVSS DIQMTQSPSSLSASVGDRVTITCRASQSVSSAVAWYQQKPGKAPKLLIYSASSLYSGVPSRFSGSRSGTDFTLTISSLQPEDFATYYCQQSYSFPSTFGQGTKVEIK,pos
5mo3,EVQLQQSGPELVKPGTSVKMPCKASGYIFTDYVISWVKQRTGQGLEWIGEIFPRSGSTYYNEKFKGKATLTADKSSNTAYMQLSSVTSEDSAVYFCARDYYGTSFAMDYWGQGTSVTVSS DIVMSQSPSSLAVSAGEKVTMSCKSSQSLLNSRTRKNYLAWYQQKPGQSPKLLIYWASTRESGVPDRFTGSGSGTDFTLTISSVQAEDLAVYYCKQSFYLRTFGGGTKLDIK,pos
6ghg,EVQLLESGGGLVQPGGSLRLSCAASGFTFSSYAMSWVRQAPGKGLEWVSAISGSGGSTYYADSVKGRFTISRDNSKNTLYLQMNSLRAEDTAVYYCAKGSGFDYWGQGTLVTVSS EIVLTQSPGTLSLSPGERATLSCRASQSVSSSYLAWYQQKPGQAPRLLIYGASSRATGIPDRFSGSGSGTDFTLTISRLEPEDFAVYYCQQYGSSPLTFGQGTKVEIK,neg
6oc3,QVQLEESGPGLVKPSETLSLTCSVSGVSVTSDIYYWTWIRQPPGKGLEWIGYIFYNGDTNYNPSLKSRVTMSIDTSKNEFSLRLTSVTAADTAVYFCARGTEDLGYCSSGSCPNHWGQGTLVTVSS DIVMTQSPSSLSASIGDRVTITCRPSQNIRSFLNWFQHKPGKAPKLLIYAASNLQSGVPSRFSGSGSGTEFTLTIRSLQPEDFATYYCQQSYNTPPTFGQGTKVEIK,pos
3wif,KVQLQQSGAELVKPGASVKLSCKASGYTFTEYFIHWVKQRSGQGLEWIGWFYPGSGSLNYNGKFKDKATFTADKSSSTVYLELSRLTSEDSAVYFCASHAYDKEPYWGQGTLVTVSA DVLMTQTPLSLPVSLGDQASISCRSSQSIVHSNGNTYLEWYLQKPGQSPKLLIYKVSNRFSGVPDRFSGSGSGTDFTLKINRVEAEDLGIYYCLQGSHVPLTFGAGTTLELK,neg
4hpo,EVQLVQSGAEVKKPGESLKISCKGSGYRFTSYWIVWVRQMPGKGLEWMGIIYPGDFDTKYSPSFQGQVTISADKSISTAYLQWSSLKASDTAMYYCARLGGRYYHDSSGYYYLDYWGQGTLVTVSS NFMLTQPHSVSESPGKTVTISCTRSSGSVASDYVQWYQQRPGSAPTTVVYEDNQRPSGVPDRFSGSIDSSSNSASLTISGLKTEDEADYYCQSYDNSSWVFGGGTKLTVL,neg
1c5c,QVQLLEPGTELVKPGASVKLSCRASGYSFTSYWMHWVKQRPGQGLEWIGLIDPSNGRTNFNDKFKSRATLTVDTSSSTAYMQLSSLTSEDSAVYYCVRIAYWGQGTLVTVSS EIQLTQSPSSLSASLGERVSLTCRTSQEISGYLSWLQQKPDGTIKRLIYDATKLDSGAPKRFSGSRSGSDYSLTISSLESEDFADYYCLQYASFPRTFGGGTKLEIK,neg
1cu4,KVKLQQSGAELVRSGASVKLSCTASGFNIKDYYIQWVKQRPEQGLEWIGWIDPENGNSEYAPRFQGKATMTADTLSNTAYLQLSSLTSEDTAVYYCNADLHDYWGQGTTLTVSS DVVMTQTPLSLSVTIGQPASISCKSSQSLLDSDGKTYLIWVFQRPGQSPKRLIFLVSKRDSGVPDRFTGSGSGTDFTLKISRVEAEDVGVYYCWQGTHFPHTVGGGTKLEIA,neg
2b0s,EIQLEQSGAEVKKSGESLKISCQTSGYSFSDYWIGWVRQMPGKGLEWMGIFYPGDSDSRYSPSFEGQVTMSADRSTNTAHLQWSSLKPSDTALYYCARLGGDYEDSGADAFDFWGQGTLVTVSS QSVLTQPPSASGTPGQRISISCSGTSSNVENNYVYWYQHLPGTAPKLLIYRNDHRSSGIPDRFSASKSGTSASLAISGLRPEDEGDYYCAAWDDSRGGPDWVFGGGTKLTVL,neg
1c5b,QVQLLEPGTELVKPGASVKLSCRASGYSFTSYWMHWVKQRPGQGLEWIGLIDPSNGRTNFNDKFKSRATLTVDTSSSTAYMQLSSLTSEDSAVYYCVRIAYWGQGTLVTVSS EIQLTQSPSSLSASLGERVSLTCRTSQEISGYLSWLQQKPDGTIKRLIYDATKLDSGAPKRFSGSRSGSDYSLTISSLESEDFADYYCLQYASFPRTFGGGTKLEIK,pos
4np4,EVQLVQSGAEVKKSGESLKISCKGSGYSFTSYWIGWVRQMPGKGLEWMGIFYPGDSSTRYSPSFQGQVTISADKSVNTAYLQWSSLKASDTAMYYCARRRNWGNAFDIWGQGTMVTVSS EIVLTQSPGTLSLSPGERATLSCRASQSVSSSYLAWYQQKPGQAPRLLIYGASSRATGIPDRFSGSGSGTDFTLTISRLEPEDFAVYYCQQYGSSTWTFGQGTKVEIK,pos
6a0z,EVQLQQSGAELMKPGASVKISCKATGYTFSGHWIEWVKQRPGHGLEWIGEILPGSGNIHYNEKFKGKATFAADTSSNTAYMQLSSLTSEDSAVYYCARLGTTAVERDWYFDVWGAGTTVTVSL DIVMTQSQKFMSASVGDRVSVTCKASQNVGTHLAWYQQKPGQSPKALIYSASYRYSGVPDRFTGSGSGTDFTLTISNVQSGDLADYFCQQYNNFPLTFGAGTKLEIK,neg
2vxu,EIQLQQSGPELVKPGASVKVSCKASGYSFTDYFIYWVKQSHGKSLEWIGDIDPYNGDTSYNQKFRDKATLTVDQSSTTAFMHLNSLTSEDSAVYFCARGLRFWGQGTLVTVSA DIQMTQSPSSLSASLGERVSLTCRASQDIGSKLYWLQQEPDGTFKRLIYATSSLDSGVPKRFSGSRSGSDYSLTISSLESEDFVDYYCLQYASSPYTFGGGTKLAIK,neg
4uim,EVQLQQSGTVLARPGASVKMSCEASGYTFTSYWMHWLKKRPGQGLEWIGTIYPGNSDSSYNQRFKGKAKLTAVTSTSTAYMELSSLTNEDSAVYYCTRERGLYYGGRSFDYWGQGTTLTVSS DIQMTQTTSSLSASLGDRVTISCRASQDISNYLTWYQQKPDGTVKLLIYYTSKLHSGVPSRFSGSGSGTDYSLTISNLEQEDVANYFCQQGNSLPPTFGGGTKLEIK,pos
1fve,EVQLVESGGGLVQPGGSLRLSCAASGFNIKDTYIHWVRQAPGKGLEWVARIYPTNGYTRYADSVKGRFTISADTSKNTAYLQMNSLRAEDTAVYYCSRWGGDGFYAMDYWGQGTLVTVSS DIQMTQSPSSLSASVGDRVTITCRASQDVNTAVAWYQQKPGKAPKLLIYSASFLESGVPSRFSGSRSGTDFTLTISSLQPEDFATYYCQQHYTTPPTFGQGTKVEIK,pos
5my4,EVKLVESGGGLVQPGGSRKLSCAASGFTFSDYGMAWVRQAPGKGPEWVAFISNLAYSIYYADTVTGRFTISRENAKNTLYLEMSSLRSEDTAMYYCARYDYDNILDYVMDYWGQGTSVTVSS DVVMTQTPLSLPVSLGDQASISCRSSQSLVHSDGNTYLHWYLQKPGQSPKLLIYKVSNRFSGVPDRFSGSGSGTDFTLKISRVEAEDLGVYFCSQSTHVPPTFGGGTKLEIK,neg
3ikc,EVMLVESGGGLVQPGNSLRLSCATSGFTFTDYYMSWVRQPPGKALEWLGFIRNKAKGYTTEYSASVKGRFTISRDNSQSILYLQMNTLRAEDSATYYCARDISPSYGVYYEGFAYWGQGTLVTVSA DIVMTQSPSSLAVSAGEKVTMSCKSSQSLLNSRTRKNYLAWYQQKPGQSPKLLIYWASTRESGVPDRFTGSGSGTDFTLTISSVQAEDLAVYYCKQSNNLRTFGGGTKLEIK,pos
4lss,QVQLVQSGGQMKKPGESMRISCRASGYEFIDCTLNWIRLAPGKRPEWMGWLKPRGGAVNYARPLQGRVTMTRDVYSDTAFLELRSLTVDDTAVYFCTRGKNCDYNWDFEHWGRGTPVIVSS EIVLTQSPGTLSLSPGETAIISCRTSQYGSLAWYQQRPGQAPRLVIYSGSTRAAGIPDRFSGSRWGPDYTLTISNLESGDFGVYYCQQYEFFGQGTKVQVD,neg
3uji,QVQLVQSAAEVKKPGEALKISCKGSGYSFSNYWIAWVRQMPGKGLEWMGIVYPDDSDSSYNSSFQGQITFSADKSISTAYLHWTSLQASDTAMYYCARLGFEGDYSGSFFDYWGQGTLLIVSS SYELTQPPSVSVSPGQTASITCSGDILGDKYVSWYQQKSGQSPLLVIYEDTKRPSGIPDRFSGSKSGNTATLTISGTQAMDEADYYCQAWDSTLGVVFGGGTKVTVL,neg
1xf3,QVKLLESGPELVKPGASVKMSCKASGYTFTSYVMHWVKQKPGQGLEWIGYINPYNDGTKYNEKFKGKATLTSDKSSSTAYMELSSLTSEDSAVYYCVRGGYRPYYAMDYWGQGTSVTVSS ELQMTQSPASLSASVGETVTITCRASENIYSYLAWYQQKQGKSPQLLVYNAKTLAEGVPSRFSGSGSGTQFSLKINSLQPEDFGSYYCQHHYGTPLTFGAGTKLELK,neg
5muq,EVQLQQSGPELVKPGTSVKMPCKASGYIFTDYVISWVKQRTGQGLEWIGEIFPRSGSTYYNEKFKGKATLTADKSSNTAYMQLSSVTSEDSAVYFCARDYYGTSFAMDYWGQGTSVTVSS DIVMSQSPSSLAVSAGEKVTMSCKSSQSLLNSRTRKNYLAWYQQKPGQSPKLLIYWASTRESGVPDRFTGSGSGTDFTLTISSVQAEDLAVYYCKQSFYLRTFGGGTKLDIK,neg
6e4y,EVKLEESGGGLVQPGGSMKLSCVASRFTLSKYWMNWVRQSPEKGLEWVAQIRLKSDNYATHYAESVKGRFTISRDDSKSSVYLQMNNLRAEDTGIYYCTGEIFVNWGQGTLVTVSA DIVMTQAAPSVPVTPGESVSISCRSSKSLLHSNGNTYLYWFLQRPGQSPQLLIYRMSNLASGVPDRFSGSGSGTAFTLRISRVEAEDVGVYYCMQHLEYPFTFGAGTKLELK,neg
1qbm,EVQLQQSGAELVKPGASVKLSCTASGFNIKDTYMHWVKQRPEKGLEWIGRIDPASGNTKYDPKFQDKATITADTSSNTAYLQLSSLTSEDTAVYYCAGYDYGNFDYWGQGTTLTVSS DIQMTQSPASLSASVGETVTITCRASGNIHNYLAWYQQKQGKSPQLLVYNAKTLADGVPSRFSGSGSGTQYSLKINSLQPEDFGSYYCQHFWSTPWTFGGGTKLEIK,pos
4tuk,EVQLLQSGPELEKPGASVMISCKASGSSFTGYNMNWVRQNIGKSLEWIGAIDPYYGGTSYNQKFKGRATLTVDKSSSTAYMHLKSLTSEDSAVYYCVSGMEYWGQGTSVTVSS DVVMTQTPLSLPVSLGDQASISCRSSQSLVHRNGNTYLHWYLQKPGQSPKLLIHKVSNRFSGVPDRFSGSGSGTDFTLKISRVEAEDLGVYFCSQSTHVPPLTFGAGTKLELK,neg
4qxg,EVQLVQSGAEVKKPGESLKISCKGSGYIFTNYWIAWVRQMPGKGLESMGIIYPGDSDIRYSPSFQGQVTISADKSITTAYLQWSSLKASDTAMYYCARHDIEGFDYWGRGTLVTVSS EIVLTQSPGTLSLSPGERATLSCRASQSVSSSFFAWYQQKPGQAPRLLIYGASSRATGIPDRLSGSGSGTDFTLTITRLEPEDFAVYYCQQYDSSAITFGQGTRLEIK,pos
3mo1,QIQLVQSGPELKKPGETVKISCKASGYTFTDYSVHWVKQVPGKGLKWMGWINTETGEPTYADDFKGRFAFSLESSASTAYLEIHNLKNEDTATYFCALGWLHWGLGTTLTVSS DIQLTQSPSSLAMSGGQKVTMRCKSSQSLLNSRNERNYLAWYQQKPGQSPKLLVYFASIRESGVPDRFIGSGSGTDFTLTISSVQAEDLADYFCLQHYNTPWTFGGGTKLEIK,neg
4s2s,EVQLQESGGGLVKPGGSLKLSCAASGFTFSTYAMSWVRQTPEKRLEWVASISTGDNTYYTDSVRGRFTISRDNARNILYLQMSSLRSEDTAMYFCTRGRGDRGDLFGYWGQGTLVTVSS DIVMSQSPSSLAVSVGEKVTMSCKSSQSLLYRGNQMNYLAWYQQKPGQSPKLLIYWASTRESGVPDRFTGSGSGTEFTLTISSVKAEDLTVYYCQQYYTYPRTFGGGTKLEIK,pos
6igu,EVMLVESGGGLVKPGGSLKLSCAASEFTFSTYIMSWVRQTPEKRLEWVATISSSGTYTYYRDSVKGRFTVSRDNANNILYLQMSSLRSEDTALYYCARRDYYDGFTYWGQGTLVTVSA DLLMAQTPLSLPVSLGDQASISCRSSQSLVHSSGNTYLEWYLQKPGQSPKLLIYKISNRFSGVPDRFSGSGSGTDFTLKISRVEAEDLGVYYCFQTSHVPPTFGGGTKLEIK,neg
5t4z,QVTLKEFGPALVKPTQPLTLTCSFSGFSLRSSDTAVVWIRQPPGKALEWLAAIYWDDVEHINPSLKSRLSISKDSPNSLVVLTMANMDPVDTATYYCGRVRFVSGGYYTDRIDSWGPGLLVTVSS QSVLTQPPSVSGAPGQRVTISCAGTKSNIGDCSVSWYQQLPGATPRLLIYQNNNRPSGVSDRFSGSKSGTSASLAITGLQTEDEADYFCLSYDTSFSGWRFGGGTRLTVL,neg
6c5i,EVQLVESGPGLVQPSQSLSITCTVSGFSLSTYGVHWVRQSPGKGLEWLGVIWSGGSTDYNAAFISRLSITKDNSKSQVFFKMNSLQPNDTAVYYCDRMRITTDWFAYWGQGTLVTVSA DVLMTQSPLSLPVSLGDQASISCRSSQTIVHSNGNTYLEWYLQKPGQSPKLLIYKVSNRFYGVPDRFSGSGSGTDFTLKISRVEAEDLGVYYCFQGSHVPYTFGGGTKLEIK,neg
6b5t,EVQLVQSGSELKKPGASVKVSCKTSGYTFTTYAMNWVRQAPGQGLEWMGWINTNTGNPTYAPGFTGRFVFSFDTSVSTAYLQISSLKAEDTAVYYCARVYSYGVPFDYWGQGTLVTVSS QSVLTQPASVSGSPGQSITISCTATSSNVGSFNLVSWYQHHPGKAPKLIIHEVSKRPSGASNRFSGSKSGNTASLTISGLQAEDEADYYCCSYVGSDTWVFGGGTKLTVL,neg
1mj7,QVQLQQPGAELVKPGASVKLSCKASGYTFTSSWINWVKQRPGQGLEWIGNVYPGSSSTNYNEKFKNKATLTVDTSSSTAYMQLSSLTSDDSAFYYCVRKDYSWFPYWGQGTLVTVSA EIVMTQAAPSVPVTPGESVSISCRSSKSLLHSNGNTYLNWFLQRPGQSPQLLIYRMSNLASGVPDRFSGSGSETAFTLRTSRVEAEDVGVYYCMQHLEYPFTFGSGTKLELK,neg
1d5i,QVQLQQSGAELMKPGASVKISCKATGYTFSSYWIEWVKQRPGHGLEWIGEILPGSGSTNYNEKFKGKATFTADTSSNTAYMQLSSLTSEDSAVYYCARGHSYYFYDGDYWGQGTSVTVSS DIKMTQSPSSMYASLGERVTITCKASQDINSYLSWFQQKPGKSPKTLIYRANRLVDGVPSRFSGSGSGQDYSLTISSLEYEDMGIYYCLQYDEFPYTFGSGTKLEIK,neg
4wuk,EVQLVQSGAEVKKPGASVKVSCKASGYTFTDYHINWVRQAPGQGLEWMGWIHPNSGDTNYAQKFQGWVTMTRDTAISTAYMEVNGLKSDDTAVYYCARGGLEPRSVDYYYYGMDVWGQGTTVTVSS QSVLTQPPSVSVAPGQTARITCGGNDIGRKSVHWNQQKPGQAPVLVVCYDSDRPSGIPERFSGSNSGNTATLTISRVEAGDEADYYCQVWDSSSDHVIFGGGTKLTVL,neg
1zlv,EVQLVESGGGLVKAGGSLILSCGVSNFRISAHTMNWVRRVPGGGLEWVASISTSSTYRDYADAVKGRFTVSRDDLEDFVYLQMHKMRVEDTAIYYCARKGSDRLSDNDPFDAWGPGTVVTVSP VVMTQSPSTLSASVGDTITITCRASQSIETWLAWYQQKPGKAPKLLIYKASTLKTGVPSRFSGSGSGTEFTLTISGLQFDDFATYHCQHYAGYSATFGQGTRVEIKRTV,neg
1dbb,QIQLVQSGPELKKPGETVKISCKASGYAFTNYGVNWVKEAPGKELKWMGWINIYTGEPTYVDDFKGRFAFSLETSASTAYLEINNLKNEDTATYFCTRGDYVNWYFDVWGAGTTVTVSS DVVMTQIPLSLPVNLGDQASISCRSSQSLIHSNGNTYLHWYLQKPGQSPKLLMYKVSNRFYGVPDRFSGSGSGTDFTLKISRVEAEDLGIYFCSQSSHVPPTFGGGTKLEIK,neg
2d03,EVQLLEESGPGLVQPSQSLSITCTVSGFSLTSYGVHWVRQSPGKGLEWLGVIWSGGSTDYNAAFISRLSISKDNSKSQVFFKMNSLQADDTAIYYCARNRGYSYAMDSWGQGTSVTVSS ELVMTQSPLSLPVSLGDQASISCRSSQSLVHSSGNTYLHWYLQKPGQSPKLLIYKVSNRFSGVPDRFSGSGSGTDFTLTISRVEAEDLGVYYCFQSSHVPLTFGAGTKLELK,neg
6dwc,EVQLVESGGGLVQPGGSLRLSCSASGFSFNSFWMHWVRQVPGKGLVWISFTNNEGTTTAYADSVRGRFIISRDNAKNTLYLEMNNLRGEDTAVYYCARGDGGLDDWGQGTLVTVSS DIQLTQSPDSLAVSLGERATINCKSSQSIFRTSRNKNLLNWYQQRPGQPPRLLIHWASTRKSGVPDRFSGSGFGTDFTLTITSLQAEDVAIYYCQQYFSPPYTFGQGTKLEIK,pos
5nbi,QVQLQETGGGLVQPGGSMKISCVTSGFNFSHAWMSWVRQSPGKGLEWVAEIRNKSDGYTTYYAPSVKGRFTVSRDDSQNMVYLQMNNLRAEDTGIYYCAQSSPYSRAMDYWGQGTTVTVSS DIVLTQTPLTLPVSPGQRATISCRASQSVDDNGHSFMNWYQQKPGQPPKLLVHAASYVKSGVPARFSGSGSGTDFTLTIHPVEPEDFATYYCQQGYSHPWTFGGGTKLEIK,neg
6mns,EVHLVESGGGLVQPGGSLRLSCEVSGLTFSNSWMSWVRQAPGKGLEWVGFIKTKADGGTAAYAESVKGRFTISRDDSKNTVFLQMKSLKTEDTAVYYCQGAVVISHEYIEIWGQGALVTVSS QSVLTQPPSASEAARKSVTISCSGGSSNIGDDSVSWYQQVPGTAPKLLIYYNDRRASGVSDRFSGSKSGTSASLAINGLQSEDEADYYCAAWDDSLSAYIFGSGTRLTVL,neg
1yqv,EVQLQQSGAELMKPGASVKISCKASGYTFSDYWIEWVKQRPGHGLEWIGEILPGSGSTNYHERFKGKATFTADTSSSTAYMQLNSLTSEDSGVYYCLHGNYDFDGWGQGTTLTVSS DIVLTQSPAIMSASPGEKVTMTCSASSSVNYMYWYQQKSGTSPKRWIYDTSKLASGVPVRFSGSGSGTSYSLTISSMETEDAATYYCQQWGRNPTFGGGTKLEIK,neg
2z4q,QVQLQQSGSEMARPGASVKLPCKASGDTFTSYWMHWVKQRHGHGPEWIGNIYPGSGGTNYAEKFKNKVTLTVDRSSRTVYMHLSRLTSEDSAVYYCTRSGGPYFFDYWGQGTSLTVSS DILMTQTPLSLPVSLGDQASISCRSSQNIVHNNGITYLEWYLQRPGQSPKLLIYKVSDRFSGVPDRFSGSGSGTDFTLKISRVEAEDLGIYYCFQGSHIPPTFGGGTKLEIK,neg
3pho,EVMLVESGGGLVQPGGSLRLSCATSGFTFIDYYMSWVRQPPGKALEWLGFIRNKGNGYTTEYSTSVKGRFTISRDNSQSIVYLQMNTLRAEDSATYYCARDIGYGNSPFAYWGQGTLVTVSA DIVLTQSPASLAVSLGQRATISCRASKSVSSSVNSYMHWYQQKPGQPPKLLIYLASNLESGVPARFSGSGSGTDFTLNIHPVEEEDAATYYCQHSRELRTFGGGTKLEIK,neg
1i8k,QVKLQQSGGGLVKPGASLKLSCVTSGFTFRKFGMSWVRQTSDKCLEWVASISTGGYNTYYSDNVKGRFTISRENAKNTLYLQMSSLKSEDTALYYCTRGYSSTSYAMDYWGQGTTVTVSG DIELTQSPASLSVATGEKVTIRCMTSTDIDDDMNWYQQKPGEPPKFLISEGNTLRPGVPSRFSSSGTGTDFVFTIENTLSEDVGDYYCLQSFNVPLTFGCGTKLEIK,neg
2qhr,EVQVVESGGGLVKPGGSLKLSCAASGFAFSSYDMSWVRQTPEKRLEWVAYISRGGGYTYYPDTVKGRFTISRDNAKNTLYLQMSSLKSEDTAMYYCSRHIYYGSSHYYAMDYWGQGTSVTVSS QLVLTQSSSASFSLGASAKLTCTLSRQHSTYTIEWYQQQPLKPPRYVMELKKDGSHSTGDGIPDRFSGSSSGADRYLSISNIQPEDEAIYICGVGDTIKEQFVYVFGGGTKVTVL,neg
5te6,RAHLVQSGTAMKKPGASVRVSCQTSGYTFTAHILFWFRQAPGRGLEWVGWIKPQYGAVNFGGGFRDRVTLTRDVYREIAYMDIRGLKPDDTAVYYCARDRSYGDSSWALDAWGQGTTVVVSA YIHVTQSPSSLSVSIGDRVTINCQTSQGVGSDLHWYQHKPGRAPKLLIHHTSSVEDGVPSRFSGSGFHTSFNLTISDLQADDIATYYCQVLQFFGRGSRLHIK,pos
5v6l,QEQLVESGGGLVKPGGTLTLTCTASGFSFSSGFFMCWVRQAPGKGLEWIGCIYGGSNDNTYYANWAKGRFTISKTSSTTVTLQMTSRTAADTATYFCARDAGTSGYIAYNLWGPGTLVTVSS ALVMTQTPSSVSAAVGGTVTINCQASEDIQRNLAWYQQKPGQRPKFLIYGVSNLESGVPSRFKGSGSGTEYTLTISDLECDDAATYYCQSALYTSATDICAFGGGTEVVVK,neg
5u3m,QVQLVQSGGGLVKPGGSLTLSCVTSGFTFSNTWMSWVRQTPGKGLEWVARISRVGDGPIIDYAAPVKGRFIISRDDSRNTLFLHMNNLKTEDTAVYYCTADEGAPILRFFEWGYYNYYMDVWGKGTTVIVSS DIRLTQSPSSLSASVGDRITITCRASQSIKDYLNWYKHRPGEAPKLLIYSASKLRSGVSSRFSGSGYGSAFTLTISSLQPEDFATYYCQESYSSVPMYIFGQGTKVDLK,neg
5bvp,EVQLVESGGGVVQPGRSLRLSCAASGFTFSVYGMNWVRQAPGKGLEWVAIIWYDGDNQYYADSVKGRFTISRDNSKNTLYLQMNGLRAEDTAVYYCARDLRTGPFDYWGQGTLVTVSS EIVLTQSPDFQSVTPKEKVTITCRASQSIGSSLHWYQQKPDQSPKLLIKYASQSFSGVPSRFSGSGSGTDFTLTINSLEAEDAAAYYCHQSSSLPFTFGPGTKVDIK,pos
4jy4,QMQLQESGPGLVKPSETLSLTCSVSGASISDSYWSWIRRSPGKGLEWIGYVHKSGDTNYSPSLKSRVNLSLDTSKNQVSLSLVAATAADSGKYYCARTLHGRRIYGIVAFNEWFTYFYMDVWGNGTQVTVSS SDISVAPGETARISCGEKSLGSRAVQWYQHRAGQAPSLIIYNNQDRPSGIPERFSGSPDSPFGTTATLTITSVEAGDEADYYCHIWDSRVPTKWVFGGGTTLTVL,neg
2b1h,EIQLEQSGAEVKKSGESLKISCQTSGYSFSDYWIGWVRQMPGKGLEWMGIFYPGDSDSRYSPSFEGQVTMSADRSTNTAHLQWSSLKPSDTALYYCARLGGDYEDSGADAFDFWGQGTLVTVSS QSVLTQPPSASGTPGQRISISCSGTSSNVENNYVYWYQHLPGTAPKLLIYRNDHRSSGIPDRFSASKSGTSASLAISGLRPEDEGDYYCAAWDDSRGGPDWVFGGGTKLTVL,neg
5fb8,EVQLQQSGPELVKPGASMKISCKASGYSFTGYTMNWVKQSHGKNLEWIGLINPYNSGTNYNQKFKDKATLIVDKSSNTAYMELLSLTSEDSAVYYCARSDYYDSTHYFDYWGQGTTLTVSS DIVLTQSPASLAVSLGQRATISCRASKSVSTSGYSYMHWYQQKPGQPPKLLIYLASNLESGVPARFSGSGSGTDFTLNIHPVEEEDAATYYCQHSRELPYTFGGGTKLEIK,pos
1cbv,EVQPVETGGGLVQPKGSLKLSCAASGFSFNTNAMNWVRQAPGKGLEWVARIRSKSNNYATYYADSVKDRFTISRDDSQNMLYLQMNNLKTEDTAMYYCVRDQTGTAWFAYWGQGTLVTVSA DVVMTQTPLSLPVSLGDQASISCRSSQSLVHSNGNTYLHWYLQKPGQSPKLLIYKVSNRFSGVPDRFSGSGSGTDFTLKISRVEAEDLGVYFCSQSTHVPLTFGAGTKLELK,neg
3hc0,QVQLVQSGAEVKKPGSSVKVSCKASGYTFTTYYLHWVRQAPGQGLEWMGWIYPGNVHAQYNEKFKGRVTITADKSTSTAYMELSSLRSEDTAVYYCARSWEGFPYWGQGTTVTVSS DIQMTQSPSSLSASVGDRVTITCKASQNVGINVAWYQQKPGKAPKSLISSASYRYSGVPSRFSGSGSGTDFTLTISSLQPEDFATYFCQQYDTYPFTFGQGTKVEIK,pos
3wii,EVQLQQSGPELVKPGASVKISCKASGYTFTDYYMNWVKLSHGKSLEWIGDIVPNNGDTTYNQNFRGKATLTVDKSSSTAYMELRSLTSEDSAVYYCARFSNYVYPFDYWGQGTTLTVSS DIQMTQTTSSLSASLGDRVTISCRASQDISNFLNWYQQKPDGTVKLLIYYTSRLHSGVPSRFSGSGSGTDFSLTISKLEQEDIATYFCQQGNTLPLTFGAGTKLELK,pos
6cdo,QVQLLQSGAELVRPGASVTLSCKASGYAFSDYEIHWVKQTPVRGLDWIGAFDPKSGASASNQKVKGRAILTADKSSSTAYMELRSLTSEDSAVYYCTRLRYFGYFDVWGTGTTVTVSS DVLMTQTPLSLPVSLGGQASISCRSSQSVVYSDGDTYLEWYLQKPGQSPKLLIYKVSRRFSGVPDRFSGSGSGTDFTLKISRVETEDLGVYYCFQGSHVPYTFGGGTKLEIK,neg
4x7s,EVQLVESGGGLVQPGGSLRLSCAVSGYSITSGYSWNWIRQAPGKGLEWVASITYDGSTNYNPSVKGRITISRDDSKNTFYLQMNSLRAEDTAVYYCARGSHYFGHWHFAVWGQGTLVTVSS DIQLTQSPSSLSASVGDRVTITCRASQSVDYDGDSYMNWYQQKPGKAPKLLIYAASYLESGVPSRFSGSGSGTDFTLTISSLQPEDFATYYCQQSHEDPYTFGQGTKVEIK,pos
3gk8,GTELVKPGASAGVKLSCKASGYTFTNYDMNWVRQRPEQGLEWIGWIFPGDGSTRYNEKFKGKATLTTDKSSSTAYQLNRLTSEDSAVYFCARRGFHGSYSFAYWGQGTLVTVSG DIVMTQSHKFMSTSVGDRVSITCKASQDVNTALAWYQQIPGQSPKLLIYSASNRYTGVPDRFTASGSGTDFTFTISSVQAEDLALYYCQQHYTTPWTFGGGTKLEIK,neg
4z8f,EVQLVESGGGLVQPKGSLKLSCAASGFTFNTYAMNWVRQAPGKGLEWVARIRSKSNNYATYYADSVKDRFTISRDDSQSMLYLQMNNLKTEDTAMYYCVRHRGAPLYYGNGAWFAYWGQGTLVTVSA DIQMTQSTSSLSASLGDRVTISCRASQDISNYLNWYQQKPDGTVKVLIYYTSRLRSGVPSRFSGSGSGTDYSLTISNLEQEDIATYFCQQGNTLPWTFGGGTKLEIK,neg
5jqd,QVQLVQSGAEVKKPGSSVKVSCRASGGTGGTFSAYAFTWVRQAPGQGLEWMGGITGMFGTANYAQKFQGRVTITADELTSTAYMELSSLTSEDTALYYCARGLYYYESSLDYWGQGTLVTVSS EIVLTQSPGTLSLSPGERATLSCRASQSLSSKYLAWYQQKPGQAPRLLIYGASSRATGIPDRFSGSGSGTDFTLTISRLEPEDFAVYSCQQYDGVPRTFGQGTTVEIK,neg
1oau,EVQLQQSGAELVKPGASVKLSCKASGYTFTSYWMHWVKQRPGRGLEWIGRIDPNGGGTKYNEKFKSKATLTVDKPSSTAYMQLSSLTSEDSAVYYCARMWYYGTYYFDYWGQGTTLTVSS QAVVTQESALTTSPGETVTLTCRSSTGAVTTSNYANWVQEKPDHLFTGLIGGTNNRAPGVPARFSGSLIGNKAALTITGAQTEDEAIYFCALWYSNHLVFGGGTKLTVLT,neg
5bzw,QVQLQQWGAGLLKPSETLSLTCAVYNESLSAFSWSWIRQFPGQGLEWIGEIDHTTSSNYNPSLKRRINISIDTSKKQFSLKLYSVTAADTAVYYCARGGRKVYHAYWSGYVNNCFDPWGQGTLVTVSS EIVLTQSPGTLSLSPGERATLSCRASQSVSAKNLAWYQQKPGQTPRLLMYGVSLRNTGVPDRFSGSGSGTDFTLTISRLEPEDSAVYFCQQYGTSPTFGQGTKVEIK,neg
5cd3,QVQLVESGTQFRRPGASVRLSCEASGYTFISSFIHWIRQGPGQGLEWMGWMNPRHGAVNYPRRFQGKVTMTRDTSIDTAYMELRDLRSDDTAMYFCVTSRTKDYDWDFVWGQGTLVVVSS DIQMTQSPVTLSASIGDRVTITCRASQRIDNWVAWYQQKPGRAPKLLIYKASILETGVPSRFSGSGSGTEFTLSINSLQPDDVATYYCQQFEEFGRGTKIDIK,neg
4m48,EVQLVESGGGLVKPGGSLKLSCAASGFTFSSYAMSWVRQSPEKRLEWVAEISSGGRYIYYSDTVTGRFTISRDNARNILHLEMSSLRSEDTAMYYCARGEVRQRGFDYWGQGTTLTVSS ENVLTQSPAIMSTSPGEKVTMTCRASSSVGSSYLHWYQQKSGASPKLWIYSTSNLASGVPARFSGSGSGTSYSLTISSVEAEDAATYYCQQFSGYPLTFGSGTKLEMK,pos
3eyu,QVTLKESGPGILKPSQTLSLTCSFSGFSLSTSGMGVGWIRQPSGKGLEWLAHIWWDDDRSYNPSLKSQLTISKDAARNQVFLRITSVDTADTATYYCVRRAHTTVLGDWFAYWGQGTLVTVSA DVLMTQTPLSLPVSLGDQASISCRSSQSIVHSNGNTYLEWYLQKPGQSPKLLIYKVSNRFSGVPDRFSGSGSGTDFTLKISRVEAEDLGVYYCFQGSHVPLTFGAGTKLELK,neg
5vph,EVQLQESGPGLVKPSQSLSLTCTVTGYSITSDYAWNWIRQFPGNKLEWMGYISYSGTTSYNPSLKSRISITRDTSKNQFFLQLNSVTTEDTATYYCGRTGVYRYPERAPYWGQGTLVTVSA QIVMTQSPFSMYATLGERVTITCKASQDIYSYLSWLQQKPGKSLKTLIYRANRLITGVPSRFSGSGSGQDYSLTISSLEYEDMGIYYCLQYDEFPYTFGGGTKLEMK,neg
3v6o,EVKLLESGPGLVAPSESLSITCTISGFSLTDDGVSWIRQPPGKGLEWLGVIWGGGSTYFNSLFKSRLSITRDNSKSQVFLEMDSLQTDDTAMYYCAKHDGHETMDYWGQGTSVTVSS EIVMTQSPKFMSTSIGDRVNITCKATQNVRTAVTWYQQKPGQSPQALIFLASNRHTGVPARFTGSGSGTDFTLTINNVKSEDLADYFCLQHWNYPLTFGSGTKLEIK,neg
4mwf,EVQLLEQSGAEVKKPGSSVKVSCETSGGTFDNYALNWVRQAPGQGLEWIGGVVPLFGTTRNAQKFQGRVTISDDKSTGTGHMELRSLRSEDTAVYYCVRSVTPRYCGGGFCYGEFDYWGQGTLVTVSS EIELTQSPATLSVSPGERATLSCRASQSVSSNLAWYQQKPGQAPRLLIYGASTRATGIPARFSGSGSGTEFTLTVSRLEPEDSAVYFCQQYYRSPLTFGGGTKVEIK,neg
5e8e,EVQLIQSGSAVKKPGASVRVSCKVSGYTLTEAAIHWVRQAPGKGLEWMGGLDPQDGETVYAQQFKGRVTMTEDRSTDTAYMEVNNLRSEDTATYYCTTGDFSEFEPFSMDYFHFWGQGTVVTVAS EIVLTQSPATLSLSPGERATLSCRASQNVSSFLAWYQHKPGQAPRLLIYDASSRATDIPIRFSGSGSGTDFTLTISGLEPEDFAVYYCQQRRSWPPLTFGGGTKVEIK,neg
5chn,QVQLVQSGAEVKKPGASVRVSCKASGYTFTSYFMHWVRQAPGQGLEWMAITYPGGGSPSYAPQFQGRLTMTDDTSATTVYMDLSDLTSKDTAVYYCARGAHRSIGTTPLDSWGQGTLVTVSS IVMTQTPLSLSVTPGQPASISCKSSQSLLHSDGKTYLYWYLQKPGQSPQLLIYEVSNRLSGVPDRFSGSGSGTDFTLKISRVETEDVGVYYCMQSIQVPLYTFGQGTRLEIK,neg
5l88,EVKLEESGPELVKPGASMKMSCKASGYTFTSYIIHWLKQKPGQGLEWIGYINPYNDGSKYNEKFKGKATLTSDKSSSTAYMELSSLASEDSAVYYCTRNYGSDSLDYWGQGTTLTVSS DIVLTQTPAIMSASLGERVTMTCTANSSVSSNYFHWYQQKPGSSPKLWIYSTSNLASGVPTRFSGSGSGTSYSLTLSSMEAEDAATYYCHQYHRSPPTFGSGTKLKMK,pos
5bk1,EVQLVESGGGLVQPGGSLRLSCAASGFNVYYSSIHWVRQAPGKGLEWVASIYSYYGSTSYADSVKGRFTISADTSKNTAYLQMNSLRAEDTAVYYCAREYHSYVYEPPLYGMDYWGQGTLVTVSS DIQMTQSPSSLSASVGDRVTITCRASQSVSSAVAWYQQKPGSAPSLLIYSASSLYSGVPSRFSGSRSGTDFTLTISSLQPEDFATYYCQQSPQGYLVTFGQGTKVEIK,neg
1opg,EVQLVQSGGGLVNPGRSLKLSCAASGFTFSSYGMSWVRQTPEKRLEWVAAISGGGTYIHYPDSVKGRFTISRDNAKNNLYLQMSSLRSEDTALYYCTRHPFYRYDGGNYYAMDHWGQGTSVTVSA DELLTQSPATLSVTPGDSVSLSCRASQSISNNLHWYQQKSHESPRLLIKYASQSISGIPSRFSGSGSGTDFTLSINSVETEDFGMYFCQQSNSWPLTFGGGSKLEIK,neg
3qpq,EVQLQQPGAELVQPGTSVRLSCKASGYIFTTYWIHWVKQRPGQGLEWIGEINPNNGRINYNEKFKTKATLTVDKSSSTAYMQLSSLTSEDSAVYYCTRVGVMITTFPYWGQGTLVTVSA DIQMTQSPASLSASVGETVTITCRASGNIHNYLAWYQQKQGKSPQLLVYNAKTLADGVPSRFSGSESGTQYSLKINSLQPEDFGSYYCQHFWSTPFTFGSGTKLELK,neg
4kkl,EVRLLESGGGLVQPGGSLKLSCAASGFDYSRYWMSWVRQAPGKGLKWIGEINPVSSTINYTPSLKDKFIISRDNAKDTLYLQISKVRSEDTALYYCARLYYGYGYWYFDVWGAGTTVTVSS DIVLTQSPAIMSAAPGDKVTMTCSASSSVSYIHWYQQKSGTSPKRWIYDTSKLTSGVPVRFSGSGSGTSYSLTINTMEAEDAATYYCQQWSSHPQTFGGGTKLEIL,neg
6iuv,QVQLVQSGAEVKETGESLNISCKVSGNNFPSYYISWVRQMPGNGLEWMGRIDPSDSDTNYRPSFQGHVTISADKSTSTAYLQWRSLKASDTAMYYCARRATYYYGSGSYFDAFDIWGQGTMVTVSS EIVMTQSPLTLPVTPGAPASISCRSSQSLLHSDGYNYLDWYLQKPGQSPQLLIYLGSHRASGVPDRFSGSGSGTDFTLKISRVEAEDVGVYYCMQALQTPDFGQGTRLEIK,neg
3lh2,QVQLVQSGAEVKRPGSSVTVSCKASGGSFSTYALSWVRQAPGRGLEWMGGVIPLLTITNYAPRFQGRITITADRSTSTAYLELNSLRPEDTAVYYCAREGTTGAGWLGKPIGAFAHWGQGTLVTVSS EIVLTQSPGTQSLSPGERATLSCRASQSVGNNKLAWYQQRPGQAPRLLIYGASSRPSGVADRFSGSGSGTDFTLTISRLEPEDFAVYYCQQYGQSLSTFGQGTKVEVK,neg
5ies,QVQLVQSGAEVKKPGASVKVSCKASGYTFTGYYMHWVRQAPGQGLEWMGWINPNSGGTNYAQKFQGRVTMTRDTSISTAYMELSRLRSDDTAVYYCAKISGSYSFDYWGQGTLVTVSS DIVMTQSPDSLAVSLGERATINCKSSQSVLYSSNNKNYLAWYQQKPGQPPKLLIYWASTRESGVPDRFSGSGSGTDFTLTISSLQAEDVAVYYCQQYYSFGGGTKVEIK,neg
6hkg,EVQLLESGGGLVQPGGSLRLSCAASGFTFSSYGMAWVRQAPGKGLEWVSFISATGLSTYFADSVKGRFTISRDTTKNTLYLQMNSLRADDTAVYFCARMRRTMIAFGGNDFWGQGTLVTVSS EVVMTQSPATLSVSPGEGATLSCRASQSVNTNVAWYQQKPGQAPRLLIYGASTRATGIPARFSGSGSGTEFTLTISTLQSEDFAVYYCQQYSNWPPITFGQGTRLEIK,neg
1lk3,QVNLLQSGAALVKPGASVKLSCKASGYTFTDFYIHWVKQSHGKSLEWIGYINPNSGYTNYNEKFKNKATLTVDKSTSTGYMELSRLTSEDSANYSCTRGVPGNNWFPYWGQGTLVTVSS DTVLTQPPALTVSPGEKLTISCKASESVTSRMHWYQQKPGQQPKLLIYKASNLASGVPARFSGSGSGTDFTLTIDPVEADDTAIYFCQQSWNGPLTFGAGTKLELK,neg
4p3c,EVKLVESGGGLVKPGGSLKLSCAASGFIFSNYAMSWVRQTPEKRLEWVATISGGGRNIYSLDSVKGRFTFFRDNARNTLYLQMSSLRSEDTAMYFCSRENYGSSFTYWGQGTLVTVSS DVLMTQTPLSLPVGLGDQASISCRSSQSIVHSNGNTYLEWYLQKPGQSPKLLIYKVSNRFSGVPDRFSGSGSGTDFTLKISRVEAEDLGVYYCFQGSHAPYTFGGGTKLEIK,neg
3tnn,EVQLVESGGGLVQPGGSLRLSCAASGFTFSTYAMSWVRQAPGKGLEWVSSINNSGRNTFSADSVKGRFTISRDNSKNTLFLVMNSLRAEDTAVYYCAKDLRLGGGSDYWGQGTLVTVSS QSALTQPASVSGSPGQSITISCTGTSSDVGSYNFVSWYQQHPGKAPKLMIYEVSERPSGISNRFSGSKSGNTASLTISGLQAEDEADYYCSSYAGSTTFRVFGGGTKLTVR,pos
1vpo,EVKLVESGGGLVKPGGSLKLSCAASGFTFSRYALSWVRQTADKRLEWVASIVSGGNTYYSGSVKGRFTISRDIARNILYLQMSSLRSEDTAMYYCARAYYGYVGLVHWGQGTLVTVSS DVVVTQTPLSLPVSLGDQASISCRSSEVIVTRNGYTPIEWYLQKPGQSPKLLIYKAYKRFPGVPDRFSGSGSGTDFTLKISRVEAEDLGVYYCFDGSTVPPKFGGGTKLEIK,neg
4kph,EVQLQESGPSLVKPSQTLSLTCSVTGDSITSGYWNWIRKFPGNRLEYMGYINYSGNTFYNPSLKSRISITRDTSKNQYCLQLNSVTTEDTATYYCATYRFNYWGQGTLVTVSA EIVLTQSPAIMSASLGEEITLTCSASSSVNYMHWYQQKSGTSPKLLIYTTSNLASGVPSRFSGSGSGTFYSLTISSVEAEDAADYYCHQWSSYPTFGGGTKLEIK,neg
1dqq,EVQLQESGPSLVKPSQTLSLTCSVTGDSVTSDYWSWIRKFPGNKLEYMGYISYSGSTYYHPSLKSRISITRDTSKNQYYLQLNSVTTEDTATYYCASWGGDVWGAGTTVTVSS DIVLTQSPATLSVTPGDSVSLSCRASQSISNNLHWYQQKSHESPRLLIKYASQSISGIPSRFSGSGSGTDFTLSINSVETEDFGMYFCQQSNSWPYTFGGGTKLEIK,pos
3mcl,EVQLQQSGPELMKPGASVKISCKATGYTFSTSWIEWIKQRPGHGLEWIGEVLPGSGKSNHNANFKGRATFTADTASNTAYMQLSSLTSEDSAVYYCAREGSNNNALAYWGQGTLVTVSA QIVLTQSPAIMSASPGEKVTMTCSASSSVSYMHWYQQKSGTSPKRWIYDSSRLASGVPSRFSGGGSGTSYSLTISNMEAEDAATYFCQNWRSSPTFGAGTKLELK,pos
5tkj,QVQLQQSGTELVWPGTSVTLSCKASGYTFTDYEIHWVKQTPVHGLEWIGAIVPKTGYTAYNQKFRGKAILTADKSSSTAYMDLRRLTSEDSAVYYCTRLRNYWYFDVWGTGTTVTVSP DFLMAQTPLSLPVSLGDQASISCRSSQSIVYSDGNTYLEWYLQRPGQSPKLLIYKVSNRFSGVPDRFSGSGSGTDFTLRISRVEAEDLGIYYCFQGSHVPYTFGGGTKLEIK,neg
3nfp,QVQLVQSGAEVKKPGSSVKVSCKASGYTFTSYRMHWVRQAPGQGLEWIGYINPSTGYTEYNQKFKDKATITADESTNTAYMELSSLRSEDTAVYYCARGGGVFDYWGQGTLVTVSS DIQMTQSPSTLSASVGDRVTITCSASSSISYMHWYQQKPGKAPKLLIYTTSNLASGVPARFSGSGSGTEFTLTISSLQPDDFATYYCHQRSTYPLTFGQGTKVEVK,neg
1fgn,EIQLQQSGAELVRPGALVKLSCKASGFNIKDYYMHWVKQRPEQGLEWIGLIDPENGNTIYDPKFQGKASITADTSSNTAYLQLSSLTSEDTAVYYCARDNSYYFDYWGQGTTLTVSS DIKMTQSPSSMYASLGERVTITCKASQDIRKYLNWYQQKPWKSPKTLIYYATSLADGVPSRFSGSGSGQDYSLTISSLESDDTATYYCLQHGESPYTFGGGTKLEIN,pos
6bi0,EVQLVESGGGLVQPGGSLRLSCAASGFNIKDTYIHWVRQAPGKGLEWVARIYPTNGYTRYADSVKGRFTISADTSKNTAYLQMNSLRAEDTAVYYCSRWGGDGFYAMDYWGQGTLVTVSS DIQMTQSPSSLSASVGDRVTITCRASQDVNTAVAWYQQKPGKAPKLLIYSASFLYSGVPSRFSGSRSGTDFTLTISSLQPEDFATYYCQQHYTTPPTFGQGTKVEIK,pos
2xza,EVQLQESGPGLVKPSETLSLTCAVSGYSISSGYYWGWIRQPPGKGLEWIGSIYHSGSTYYNPSLKSRVTISVDTSKNQFSLKLSSVTAADTAVYYCAGLTQSSHNDANWGQGTLTTVSS ESVLTQPPSVSAAPGQKVTISCSGSSSNIGNNYVSWYQQLPGTAPKLLIYDNNKRPSGIPDRFSGSKSGTSATLGITGLQTGDEADYYCGTWDSSLNPVFGGGTKLEIK,neg
1oar,EVQLQQSGAELVKPGASVKLSCKASGYTFTSYWMHWVKQRPGRGLEWIGRIDPNGGGTKYNEKFKSKATLTVDKPSSTAYMQLSSLTSEDSAVYYCARMWYYGTYYFDYWGQGTTLTVSS QAVVTQESALTTSPGETVTLTCRSSTGAVTTSNYANWVQEKPDHLFTGLIGGTNNRAPGVPARFSGSLIGNKAALTITGAQTEDEAIYFCALWYSNHLVFGGGTKLTVL,neg
6mnf,EVQLVESGGGLVKAGGSLILSCGVSNFRISAHTMNWVRRVPGGGLEWVASISTSSTYRDYADAVKGRFTVSRDDLEDFVYLQMHKMRVEDTAIYYCARKGSDRLSDNDPFDAWGPGTVVTVSP DVVMTQSPSTLSASVGDTITITCRASQSIETWLAWYQQKPGKAPKLLIYKASTLKTGVPSRFSGSGSGTEFTLTISGLQFDDFATYHCQHYAGYSATFGQGTRVEIK,neg
5x4g,EVKLEESGGGLVQPGGSMKLSCVASGFTFSNFWMNWVRQSPEKGLEWVAEIRLKSNNYATHYAESVKGRFTISRDDSKSSVYLQMNNLRTEDTGIYYCTSYDYEYWGQGTLVTVSA NIVMTQSPKSMSMSVGERVTLSCKASENVGTYVSWYQQKPEQSPKLLIYGASNRYTGVPDRFTGSGSATDFTLTISSVQAEDLADYHCGQSYSYPFTFGSGTKLEIK,pos
4l5f,EVQLQQSGPELVKPGASVKISCKASGYSFIGYYIHWVKQSPEKSLEWIGEINPRTGDTTYNQKFKAKATLTVDKSSSTAYMQLTSLTSEDSAVYYCTKRINWALDYWGQGTTLTVSS ETTVTQSPASLSVATGEKVTIRCITSTDIDDDMNWYQQKPGERPKLLISEGNTLRPGVPSRFSSSGYGTDFVFTIENTLSEDVADYFCLQSDNLPLTFGSGTKLEIK,neg
3iu4,EVQLKESGPGLVAPSQSLSITCTVSGFSLSRYSVHWVRQPPGKGLEWLGMIWGGGSTDYNSALKSRLSISKDNSKSQVFLKMNSLQTDDTAMYYCARSGVREGRAQAWFAYWGQGTLVTVSA DIVMTQSHKFMSTSVGDRVSITCKASQDVSTAVAWYQQKPGQSPKLLIYSASYRYTGVPDRFTGSGSGTDFTFTISSVQAEDLAVYYCQQHYSTPWTFGGGTKLELK,pos
2vl5,QVQLQQPGADLVRPGVSVKLSCKASGYTFTSYWMNWVKQRPGQGLEWIGMIHPSDSETRLSQKFKDKATLTVDKSSSTAYMQLSSPTSEDSAVYYCARLKPGGTWFAYWGQGTLVTVSA DIVLTQSPASLTVSLGQRATISCRASKSVDSYGNSFMEWYQQKPGQPPKLLIYRASNLESGIPARFSGSGSRTDFTLTINPVEADDVATYYCQQSNEDPYTFGGGTKLEIK,neg
3fo0,DVQLLESGPGLVAPSQSLSITCTVSGFSLTNYGVDWVRQPPGKGLEWVGVIWSGGSTNYNSALMSRLSISKDNSKSQVFLKMNSLQTDDTAVYYCAKHWGGYYIPYGMDHWGQGTTVTVSS ELVMTQTPLSLPVSLGDQASISCRSSQSIVHSNGNTYLEWYLQKPGQSPKLLIYKVSNRFSGVPDRFSGSGSGTDFTLKINRVEAEDLGVYYCFQGSHLPPTFGGGTKLEIK,neg
1w72,EVQLVESGGGLVQPGRSLRLSCAASGFTFDDYAMHWVRQAPGKGLEWVSGISWNSGSIGYADSVKGRFTISRDNAKNSLYLQMNSLRAEDTAVYYCARGRGFHYYYYGMDIWGQGTTVTVSS SYVLTQPPSVSVAPGQTARITCGGNNIGSRSVHWYQQKPGQAPVLVVYDDSDRPSGIPERFSGSNSGNMATLTISRVEAGDEADYYCQVWDSRTDHWVFGGGTDLTVL,neg
6mtq,QVQLMQSGAEVKRPGSSVKVSCKSSGGSFSDYTLSWVRQAPGQGLQWMGSIVPLLNLVNYAQRFQGRVTITADKSTSTAYMELRTLRPQDTAVYYCAREGAEGWGWFAKPVGALGVWGQGTTVTVSS EIVLTQSPDTLSLSPGERATLSCRASQSVGSSYFAWYQQKPGQAPRLLIYGASTRATGIPGRFSGSGSGTDFTLAITRVEPEDFAVYYCQQFDKSHVTFGQGTKVEFK,neg
6mtr,QVQLQESGPGLVKATGTLSLNCAVSGASISSSNWWNWVRQSPGKGLEWIGEIYHSGTVTYNPSLKTRVTISVDKSRNQFSLKLTSVTAADTAKYYCAKRWDSSGWFSRHSYDYAVDVWGRGTTVIVSS QTVVTQEPSLTVSPGGTVTLTCASSAGAVTSGHCPSWFQQKPGQVPRALIYCTNNRQSWTPARFSGSLRGGKAALTLSGVQPDDEGDYYCLVQYSGVWVFGGGTKLTVL,neg
1kiq,QVQLQESGPGLVAPSQSLSITCTVSGFSLTGYGVNWVRQPPGKGLEWLGMIWGDGNTDYNSALKSRLSISKDNSKSQVFLKMNSLHTDDTARYYCARERDFRLDYWGQGTTLTVSS DIVLTQSPASLSASVGETVTITCRASGNIHNYLAWYQQKQGKSPQLLVYYTTTLADGVPSRFSGSGSGTQYSLKINSLQPEDFGSYYCQHFWSTPRTFGGGTKLEIK,neg
4nug,RVQLVESGGGVVQPGKSVRLSCVVSDFPFSKYPMYWVRQAPGKGLEWVAAISGDAWHVVYSNSVQGRFLVSRDNVKNTLYLEMNSLKIEDTAVYRCARMFQESGPPRLDRWSGRNYYYYSGMDVWGQGTTVTVSS DIVMTQTPLSLSVTPGQPASISCKSSESLRQSNGKTSLYWYRQKPGQSPQLLVFEVSNRFSGVSDRFVGSGSGTDFTLRISRVEAEDVGFYYCMQSKDFPLTFGGGTKVDLK,neg
2r56,QVSLRESGGGLVQPGRSLRLSCTASGFTFRHHGMTWVRQAPGKGLEWVASLSGSGTKTHFADSVKGRFTISRDNSNNTLYLQMDNVRDEDTAIYYCAKAKRVGATGYFDLWGRGTLVTVSS DIVMTQSPSSLSASVGDRVTITCRASQGISSRLAWYQQKPGKAPKLLIYAASSLQSGVPSRFSGSGSGTEFTLTISSLQPEDFATYYCQQYHSYPWTFGQGTKLEIK,pos
4yhn,QVQLVQSGAEVKKPGASVKVSCKASGYTFTDYYMHWVRQAPGQGLEWMGETNPRNGGTTYNEKFKGKATMTRDTSTSTAYMELSSLRSEDTAVYYCTIGTSGWDYFDYWGQGTLVTVSS DIVMTQTPLSLSVTPGQPASISCRSSQSIVHSDGNIYLEWYLQKPGQSPKLLIYKVSYRFSGVPDRFSGSGSGTDFTLKISRVEAEDVGVYYCFQASHVPYTFGQGTKLEIK,pos
4lsr,QVQLVQSGAAVRKPGASVTVSCKFAEDDDYSPYWVNPAPEHFIHFLRQAPGQQLEWLAWMNPTNGAVNYAWYLNGRVTATRDRSMTTAFLEVKSLRSDDTAVYYCARAQKRGRSEWAYAHWGQGTPVVVSS DIQMTQSPSSLSASLGDRVTITCQASRGIGKDLNWYQQKAGKAPKLLVSDASTLEGGVPSRFSGSGFHQDFSLTISSLQAEDVATYFCQQYETFGQGTKVDIK,neg
6r8x,QVQLLESGGGLVQPGGSLRLSCAASGFTFSTAAMSWVRQAPGKGLEWVSGISGSGSSTYYADSVKGRFTISRDNSKNTLYLQMNSLRAEDTAVYYCARELSYLYSGYYFDYWGQGTLVTVSS QSVLTQPPSASGTPGQRVTISCSGSSSNIGSNDVSWYQQLPGTAPKLLIYKNYNRPSGVPDRFSGSKSGTSASLAISGLQSEDEADYYCSAWDQRQFDVVFGGGTKLTVL,neg
4jdv,QVQLVQSGAEVKKPGASVKVSCKASGYTFTGYYMHWVRQAPGQGLEWMGWINPNSGGTNYAQKFQGRVTMTRDTSISTAYMELSRLRSDDTAVYYCARGKYCTARDYYNWDFQHWGQGTLVTVSS EIVLTQSPATLSLSPGERATLSCRASQSVSSYLAWYQQKPGQAPRLLIYDASNRATGIPARFSGSGSGTDFTLTISSLEPEDFAVYYCQQYEFFGQGTKLEIK,pos
5tbd,QVRLQQSGAELVKPGASVKLSCTASGFNIKDDYMHWVKQRPEQGLEWIGRIDPANGNTQYAPKFQDKATITADTSSNTAYLQLTSLTSEDTAVYYCARGGLLRWGQGTSVTVSS DVVMTQTPLTLSVTIGQPASISCKSSQSLLHSNGKTYLNWLLQRPGQSPKRLIYLVSKLDSGVPDRFTGSGSGTDFTLKISSVEAEDLGVYYCWQGTHFPITFGSGTKLEIK,neg
5u3o,QVQLVQSGGGLVKPGGSLTLSCSASGFFFDNSWMGWVRQAPGKGLEWVGRIRRLKDGATGEYGAAVKDRFTISRDDSRNMLYLHMRTLKTEDSGTYYCTMDEGTPVTRFLEWGYFYYYMAVWGRGTTVIVSS DIQMTQSPSFLYGSVGDRVTITCRASQNIKDYLNWYQQRPGRAPRLLIYAASNLQSGVPSRFSGSGYGTDFTLIISSLQPEDFATYFCQESYSSTPTHIFGLGTKLEKK,neg
3giz,EVQLVESGGGLVQPGRSLRLSCAASGFTFNDYAMHWVRQAPGKGLEWVSTISWNSGSIGYADSVKGRFTISRDNAKKSLYLQMNSLRAEDTALYYCAKDIQYGNYYYGMDVWGQGTTVTVSS EIVLTQSPATLSLSPGERATLSCRASQSVSSYLAWYQQKPGQAPRLLIYDASNRATGIPARFSGSGSGTDFTLTISSLEPEDFAVYYCQQRSNWPITFGQGTRLEIK,neg
1a7r,QVQLQESGPGLVAPSQSLSITCTVSGFSLTGYGVNWVRQPPGKGLEWLGMIWGDGNTDYNSALKSRLSISKDNSKSQVFLKMNSLHTDDTARYYCARERDYRLDYWGQGTTLTVSS DIVLTQSPASLSASVGETVTITCRASGNIHNYLAWYQQKQGKSPQLLVYYTTTLADGVPSRFSGSGSGTQYSLKINSLQPDDFGSYYCQHFWSTPRTFGGGTKLEIK,neg
1yek,EMQLQQSGAELLRPGTSVKLSCKTSGYIFTSYWIHWVKQRSGQGLEWIARIYPGTGSTYYNEKFKGKATLTADKSSSTAYMQLSTLKSEDSAVYFCTRWGFIPVREDYVMDYWGQGTLVTVSS DIVMTQSPLTLSVTIGQPASISCKSSQSLLYSNGKTYLNWLLQRPGQSPKRLIHLVSKLDSGVPDRITGSGSGTDFTLKISRVEAADLGVYYCVQGTHFPYTFGGGTKLEIL,neg
6ehw,EVQLVESGGGLVQPGQSLKLSCKASGYTFTSYGMHWVRQAPGKGLEWMGGIIPIFGTANYNPSVKGRFTISRDTSKNTAYLQLNNLRAEDTAVYYCARAPGYSNAYYFDYWGQGTLVTVS DIQMTQSPSLLSASLGDRVTITCRASEGIYHWLAWYQQKPGQSPKLLIYKASSRASGVPDRFSGSGSGTDFTLTISSLEPEDFATYYCQQYSNYPLTFGGGTKLEIK,neg
2vdm,EVQLQQSGAELVKPGASVKLSCTASGFNIKDTYVHWVKQRPEQGLEWIGRIDPANGYTKYDPKFQGKATITADTSSNTAYLQLSSLTSEDTAVYYCVRPLYDYYAMDYWGQGTSVTVSS DILMTQSPSSMSVSLGDTVSITCHASQGISSNIGWLQQKPGKSFMGLIYYGTNLVDGVPSRFSGSGSGADYSLTISSLDSEDFADYYCVQYAQLPYTFGGGTKLEIK,neg
5i8e,QEVLVQSGAEVKKPGASVKVSCRAFGYTFTGNALHWVRQAPGQGLEWLGWINPHSGDTTTSQKFQGRVYMTRDKSINTAFLDVTRLTSDDTGIYYCARDKYYGNEAVGMDVWGQGTSVTVSS IQLTQSPSFLSASVGDKVTITCRASQGVRNELAWYQQKPGKAPNLLIYYASTLQSGVPSRFSATGSGTHFTLTVSSLQPEDFATYFCQHMSSYPLTFGGGTKVEIK,neg
4ala,DVQLVEPGAELVQPGASVKMSCKASGYTFSSYWINWEKQRPGKGLEWIGNIYPGSGTVNYDDKFKSKATLTIDTSSNTAYMQLSSLTSEDSAVYYCTRGGSHAMDYWGQGTSVTVSS DIVMTQSQKFMSTSVGDRVSITCKASQNVRTSVAWYQQKPGQSPKALIYLASNRHTGVPDRFTGSGSGTDFTLTISNVQSEDLADYFCLQHWTYPYTFGGGTKLEIK,pos
2nlj,QVQLQQPGAELVKPGASVKLSCKASGYTFTSDWIHWVKQRPGHGLEWIGEIIPSYGRANYNEKIQKKATLTADKSSSTAFMQLSSLTSEDSAVYYCARERGDGYFAVWGAGTTVTVSS DILLTQSPAILSVSPGERVSFSCRASQSIGTDIHWYQQRTNGSPRLLIKYASESISGIPSRFSGSGSGTDFTLSINSVESEDIANYYCQQSNRWPFTFGSGTKLEIK,neg
1dee,QVQLVESGGGVVQPGKSLRLSCAASGFTFSGYGMHWVRQAPGKGLEWVALISYDESNKYYADSVKGRFTISRDNSKNTLYLQMNSLRAEDTAVYYCAKVKFYDPTAPNDYWGQGTLVTVSS DIQMTQSPSSLSASVGDRVTITCRTSQSISSYLNWYQQKPGKAPKLLIYAASSLQSGVPSRFSGSGSGTDFTLTISSLQPEDFATYYCQQSYSAPRTFGQGTKVEIK,neg
5it2,EVQLVQSGAEVKKPGESLKISCRGSGYSFTSYWIGWVRQMPGKGLEWMGIIYPADSDTRYSPSFQGQVTISADKSINTAYLQWSSLKASDTAMYYCARLRMIGFDKNAPLDYWGQGTLVTVSS DIQMTQSPSSLSASVGDRVTITCRASQSISSYLNWYQQKPGKTPKLLIYAASSLQSGVPSRFSGSGSGTDFTLTISSLQPEDFATYYCQQSYSNLMYSFGQGTKVEIK,neg
6fla,QVQLQQSGAEVARPGASVKLSCKASGYTFTSYWLQWVKQRPGQGLEWIGAIWPGDDDTRYAQKFQGKATMTADKSSSTAYIQLSNLASEDSAVYYCARKGGFAMDYWGQGTSVTVSS NIVMTQSPTSLAVSLGQRATISCRASESVDSFGKSFMHFYQQKPGQPPKLLIHLASNLESGVPARFTGRGSRTDFTLTIDPVEADDAATYYCQQNNEVPFTFGSGTKLEVK,neg
6axl,QMQLVESGGGVVQPGRSLRLSCTASGFTFSTYAMHWVRQSPGQGLQWVAVISYHSTNKYYEDSVRGRFTISRDNSKNTLYLQMNSLRAEDTAVYYCARDGYSSSFFDFWGQGTLVTVSS DIQMTQSPSTLSASVGDRVAITCRASQSISRWLAWYQQQPGKAPKLLMSGASVLESGVPSRFSGSGSGTEFTLTISSLQPDDFATYYCQHYNSYFVTFGQGTKVEIK,neg
4ouu,EVKLVESGGGLVKPGGSLKLSCAASGFIFSNYAMSWVRQTPEKRLEWVATISGGGRNIYSLDSVKGRFTFFRDNARNTLYLQMSSLRSEDTAMYFCSRENYGSSFTYWGQGTLVTVSS DVLMTQTPLSLPVGLGDQASISCRSSQSIVHSNGNTYLEWYLQKPGQSPKLLIYKVSNRFSGVPDRFSGSGSGTDFTLKISRVEAEDLGVYYCFQGSHAPYTFGGGTKLEIK,neg
3m8o,EVQLVESGGGLVQPGGSLKLSCAASGFTLSGSNVHWVRQASGKGLEWVGRIKRNAESDATAYAASMRGRLTISRDDSKNTAFLQMNSLKSDDTAMYYCVIRGDVYNRQWGQGTLVTVSS DIVMTQSPLSLSVTPGEPASISCRSSQSLLRRDGHNDLEWYLQKPGQSPQPLIYLGSTRASGVPDRFSGSGSGTDFTLKIIRVEAEDAGTYYCMQNKQTPLTFGQGTRLEIK,pos
1igf,EVQLVESGGDLVKPGGSLKLSCAASGFTFSRCAMSWVRQTPEKRLEWVAGISSGGSYTFYPDTVKGRFIISRNNARNTLSLQMSSLRSEDTAIYYCTRYSSDPFYFDYWGQGTTLTVSS DVLMTQTPLSLPVSLGDQASISCRSNQTILLSDGDTYLEWYLQKPGQSPKLLIYKVSNRFSGVPDRFSGSGSGTDFTLKISRVEAEDLGVYYCFQGSHVPPTFGGGTKLEIK,neg
3w9d,QVTLKQSGAEVKKPGSSVKVSCTASGGTLRTYGVSWVRQAPGQGLEWLGRTIPLFGKTDYAQKFQGRVTITADKSMDTSFMELTSLTSEDTAVYYCARDLTTLTSYNWWDLWGQGTLVTVSS EIVLTQSPGTLSLSPGERATLSCRASQSVTSSQLAWYQQKPGQAPRLLISGASNRATGIPDRFSGSGSGTDFTLTISRLEPEDFAVYYCQQYGSSPTFGGGTKVEIK,neg
2pw1,RITLKESGPPLVKPTQTLTLTCSFSGFSLSDFGVGVGWIRQPPGKALEWLAIIYSDDDKRYSPSLNTRLTITKDTSKNQVVLVMTRVSPVDTATYFCAHRRGPTTLFGVPIARGPVNAMDVWGQGITVTISS ALQLTQSPSSLSASVGDRITITCRASQGVTSALAWYRQKPGSPPQLLIYDASSLESGVPSRFSGSGSGTEFTLTISTLRPEDFATYYCQQLHFYPHTFGGGTRVDVR,neg
4k23,EVQLQQSGPELVKTGASVKISCKASGYSFTSYYMHWVKQSHGKSLEWIGEINPYNGGASYNQKIKGRATFTVDTSSRTAYMQFNSLTSEDSAVYYCARSIYGHSVLDYWGQGTSVSVSS DVVMTQTPLTLSVTIGQPASISCKSSQSLLDSDGKTYLNWLLQRPGQSPKRLIYLVSKLDSGVPDRFTGSGSGTDFTLKISRVEAEDLGVYYCWQGTHFPLTFGAGTKLELK,neg
5hi3,EVQLLESGGGLVQPGGSLRLSCAASGFTFSSYAMSWVRQAPGKGLEWVSAISGSGGSTYYADSVKGRFTISRDNSKNTLYLQMNSLRAEDTAVYYCARDLIHGVTRNWGQGTLVTVSS NFMLTQPHSVSESPGKTVTISCTRSSGSLANYYVQWYQQRPGSSPTIVIFANNQRPSGVPDRFSGSIDSSSNSASLTISGLKTEDEADYYCQTYDPYSVVFGGGTKLTVL,pos
1l7t,EVKLVESGGGLVKPGGSLKLSCAASGFTFSRYALSWVRQTADKRLEWVASIVSGGNTYYSGSVKGRFTISRDIARNILYLQMSSLRSEDTAMYYCARAYYGYVGLVHWGQGTLVTVSS DVVVTQTPLSLPVSLGDQASISCRSSEVIVTRNGYTPIEWYLQKPGQSPKLLIYKAYKRFPGVPDRFSGSGSGTDFTLKISRVEAEDLGVYYCFDGSTVPPKFGGGTKLEIK,neg
2qsc,QVQLVQSGGGLVQPGGSLRLSCAAFGFNFSSYVMHWVRQAPGQGLEYLSAISSDGETTYHANSVKGRFTSSRDNSKNTLFLQMGSLRTEDVAVYYCARDRYYETSGSNAFDVWGQGTMVVVSS NSVLTQSPSSLSASVGDRVTITCQASQDISNYLNWYQHKPGKAPKLLIYTASNLETGVPSRFSGGGSGTHFSFTITSLQPEDAATYFCQQYDNLGDLSFGGGTKVEIK,pos
5myo,EVQLQQSGPELVKPGASMKISCKASGYSFTGYTMNWVKQSHGKNLEWIGLINPYNGVTRYNQKFKGKATLIVDKSSSTAYMELLSLTSEDSAVYYCTREAKREWDETYWGQGTLVTVSA DVVMTQTPLTLSVTIGQPASISCKSSQSLLYSDGKTYLNWLLQRPGQSPMRLIYLVSKLDSGVPDRFTGSGSGTDFTLKISRVEAEDLGVYYCVQGTHFPFTFGSGTKLEIK,neg
6bpa,EVQLQQSGAELVKPGASVKLSCTASGFNIKDHFMHWVKQRTAQGLEWIGRIDPEDGETKYAPKFQGTATITADTSSNTAYLQLSSLTSEDTAVYYCARSGSVSSPWFAYWGQGTLVTVSA ETTVTQSPASLSMALGEKVTIRCITSTDIDDDLNWYQLKPGEPPKLLISEGNTLRPGVPSRFSSSGYGTDFVFTIENMLSEDVADYYCLQSDNLPLTFGAGTKLELK,neg
1p2c,EVQLQESGAELMKPGASVKISCKATGYTFTTYWIEWIKQRPGHSLEWIGEILPGSDSTYYNEKVKGKVTFTADASSNTAYMQLSSLTSEDSAVYYCARGDGFYVYWGQGTTLTVSS DIELTQSPATLSVTPGDSVSLSCRASQSISNNLHWYQQKSHESPRLLIKYTSQSMSGIPSRFSGSGSGTDFTLSINSVETEDFGVYFCQQSGSWPRTFGGGTKLDIK,pos
5cma,QVQLQQSGAELVKPGASVKLSCKASGYTFTNYDINWVRQRPEQGLEWIGWIFPGDGSTQYNEKFKGKATLTTDTSSSTAYMQLSRLTSEDSAVYFCARQTTATWFAYWGQGTLVTVSA DIVMTQSPATLSVTPGDRVSLSCRASQSISDYLHWYQQKSHESPRLLIKYASQSISGIPSRFSGSGSGSDFTLSINSVEPEDVGVYYCQNGHSFPLTFGAGTKLELK,pos
5nhw,EVQLVQSGAEVKKPGASVKVSCKASGYTFTSSYINWVRQAPGQGLEWMGTINPVSGSTSYAQKFQGRVTMTRDTSISTAYMELSRLRSDDTAVYYCARGGWFDYWGQGTLVTVSS QSALTQPASVSGSPGQSITISCTGTSSDVGSYNYVNWYQQHPGKAPKLMIYGVSKRPSGVSNRFSGSKSGNTASLTISGLQAEDEADYYCGTFAGGSYYGVFGGGTKLTVL,neg
3mod,RITLKESGPPLVKPTQTLTLTCSFSGFSLSDFGVGVGWIRQPPGKALEWLAIIYSDDDKRYSPSLNTRLTITKDTSKNQVVLVMTRVSPVDTATYFCAHRRGPTTLFGVPIARGPVNAMDVWGQGITVTISS ALQLTQSPSSLSASVGDRITITCRASQGVTSALAWYRQKPGSPPQLLIYDASSLESGVPSRFSGSGSGTEFTLTISTLRPEDFATYYCQQLHFYPHTFGGGTRVDVR,neg
2nr6,EIQLQQSGAELVKPGASVKLSCTASGFNIKDTYIHWVKQRPEQGLEWIGRIDPANGNTRYGPKFLGKATITADTSSNTAYLHLNSLTSEDTAVYFCARWVRQMDYWGQGTSVTVSS DIVMTQSHKFMSTSVGDRVSITCKASQIVSTAVAWYQQKPGQSPKLLIYSASYRYTGVPDRFTGSGSGTDFTFTISSVQAEDLAVYYCQQHYNSPQTFGGGTKLEIK,neg
2ajv,EVKLSESGPGLVKPSQSLSLTCTVTGYSITTNYAWTWIRQFPGNKLEWMGYIRSSVITRYNPSLKSRISITQDTSKNQFFLQLNSVTTEDTATYYCARYDYYGNTGDYWGQGTSVTVSS DIVITQDELSNPVTSGESVSISCRSSRSLLYKDGRTYLNWFLQRPGQSPQLLIYLMSTRASGVSDRFSGSGSGTDFTLEISRVKAEDVGVYYCQQFVEYPFTFGSGTKLEIK,pos
4hfw,EFQLVESGAEVKKPGASVKVSCKASGYSFTSYYVHWVREAPGEGLEWMGMINPSDGSTYYAQRFQPRVTMTRDTSTTTVFMEMSGLRSEDTAVYYCARGVVGATNEIDFWGQGTTVTVSS DIRLTQSPSSLSASVGDRVTITCRASQSISNYLNWYQKKPGQAPKLLIYAATSLQSGVPSRFSGSGSGTDFTLTISSVQPEDFATYYCQKTLRTWTFGQGTKVEIK,pos
4nzt,QVQLVQSGAEVKKPGSSVKVSCKSSGGTSNNYAISWVRQAPGQGLDWMGGISPIFGSTAYAQKFQGRVTISADIFSNTAYMELNSLTSEDTAVYFCARHGNYYYYSGMDVWGQGTTVTVSS QSALTQPPAVSGTPGQRVTISCSGSDSNIGRRSVNWYQQFPGTAPKLLIYSNDQRPSVVPDRFSGSKSGTSASLAISGLQSEDEAEYYCAAWDDSLKGAVFGGGTQLTVL,neg
3hns,EVQLQQSGTVLARPGTSVKMSCKASGYSFTNYWMHWVKQRPGQGLEWIGSIYPGNSDTNYKQKFKGKAKLTAVTSASTAYMEVNSLTNEDSAVYYCTRFGNYVPFAYWGQGTLVTVSA DIQMTQTTSSLSASLGDRVTIGCRASQDIGSYLNWYQQKPDGAVRLLIYYTSRLHSGVPSRFSGSGSGTHFSLTISNLEQEDIGTYFCHQDTKPPYTFGSGTKLEIK,pos
3klh,QITLKESGPGIVQPSQPFRLTCTFSGFSLSTSGIGVTWIRQPSGKGLEWLATIWWDDDNRYNPSLKSRLTVSKDTSNNQAFLNMMTVETADTAIYYCAQSAITSVTDSAMDHWGQGTSVTVSS DIQMTQTTSSLSASLGDRVTISCSASQDISSYLNWYQQKPEGTVKLLIYYTSSLHSGVPSRFSGSGSGTDYSLTISNLEPEDIATYYCQQYSKFPWTFGGGTKLEIK,pos
5tkk,DVQLQESGPGLVKPSQSLSLTCSVTGYSITRAYYWNWIRQFPGNKLEWMGYILYDGRSDYNPSLKNRVSITRDTSKNQFFLKLNSVTAEDTARYYCTREGNYRAYWGQGTLVTVSA DIVMTQSQKFMSTSVGDRVSITCKASQNVGSDVAWYQQKPGQSPKLLIYSASNRYTGVPDRFTGSGSGTDFTLTINNMKSEDLADYFCQQYSSYPLTFGAGTKLELK,pos
1tjh,RITLKESGPPLVKPTQTLTLTCSFSGFSLSDFGVGVGWIRQPPGKALEWLAIIYSDDDKRYSPSLNTRLTITKDTSKNQVVLVMTRVSPVDTATYFCAHRRGPTTLFGVPIARGPVNAMDVWGQGITVTISS ALQLTQSPSSLSASVGDRITITCRASQGVTSALAWYRQKPGSPPQLLIYDASSLESGVPSRFSGSGSGTEFTLTISTLRPEDFATYYCQQLHFYPHTFGGGTRVDVR,neg
1mfa,EVQVQQSGTVVARPGASVKMSCKASGYTFTNYWMHWIKQRPGQGLEWIGAIYPGNSATFYNHKFRAKTKLTAVTSTTTAYMELSSLTSEDSAVYYCTRGGHGYYGDYWGQGASLTVSS QIVVTQESALTTSPGETVTLTCRSSTGTVTSGNHANWVQEKPDHLFTGLIGDTNNRAPGVPARFSGSLIGDKAALTITGAQPEDEAIYFCALWSNNHWIFGGGTKLTVL,neg
5fxc,QVQLQESGGGLVQPGGSMKLSCVASGFTFSNYWMNWVRQSPEKGLEWVAEIRLKSNNYATHYAESVKGRFTISRDDSKSSVYLQMNNLRAEDTGIYYCTGVGQFAYWGQGTTVTVSS DIVVTQESALTTSPGETVTLTCRSSTGAVTTSNYANWVQEKPDHLFTGLIGGTNNRAPGVPARFSGSLIGDKAALTITGAQTEDEAIYFCALWYSNHWVFGGGTKLTVL,neg
1ggc,QVQLQESGPGILQPSQTLSLTCSFSGFSLSTYGMGVSWIRQPSGKGLEWLAHIFWDGDKRYNPSLKSRLKISKDTSNNQVFLKITSVDTADTATYYCVQEGYIYWGQGTSVTVSS DIVLTQSPGSLAVSLGQRATISCRASESVDDDGNSFLHWYQQKPGQPPKLLIYRSSNLISGIPDRFSGSGSRTDFTLTINPVEADDVATYYCQQSNEDPLTFGAGTKLEIK,neg
1aqk,EVQLVESGGGVVQPGRSLRLSCAASGFTFNNYAIHWVRQAPGKGLEWVAFISYDGSKNYYADSVKGRFTISRDNSKNTLFLQMNSLRPEDTAIYYCARVLFQQLVLYAPFDIWGQGTMVTVSS ENVLTQPPSVSGAPGQRVTISCTGSNSNIGAGFTVHWYQHLPGTAPKLLIFANTNRPSGVPDRFSGSKSGTSASLAITGLQAEDEADYYCQSYDSSLSARFGGGTRLTVL,neg
2fjf,EVQLVESGGGLVQPGGSLRLSCAASGFTISDYWIHWVRQAPGKGLEWVAGITPAGGYTYYADSVKGRFTISADTSKNTAYLQMNSLRAEDTAVYYCARFVFFLPYAMDYWGQGTLVTVSS DIQMTQSPSSLSASVGDRVTITCRASQDVSTAVAWYQQKPGKAPKLLIYSASFLYSGVPSRFSGSGSGTDFTLTISSLQPEDFATYYCQQSYTTPPTFGQGTKVEIK,neg
4rwy,QGQLVQSGGGLKKPGTSVTISCLASEYTFNEFVIHWIRQAPGQGPLWLGLIKRSGRLMTAYNFQDRLSLRRDRSTGTVFMELRGLRPDDTAVYYCARDGLGEVAPDYRYGIDVWGQGSTVIVTS EIVLTQSPATLSLSPGERATLSCRASQGLNFVVWYQQKRGQAPRLLIHAPSGRAPGVPDRFSARGSGTEFSLVISSVEPDDFAIYYCQEYSSTPYNFGPGTRVDRK,neg
3fct,QVQLLESGAELVKPGASVKLSCKASGYTFTSYWMHWVKQRPGRGLEWIGMIDPNSGGTKYNEKFKSKATLTVDKPSNTAYMQLSSLTSEDSAVYYCTRRDMDYWGAGTTVTVSS ELVMTQTPKFMSTTVGDRVSITCKASQNVGTPVAWYQQKPGQSPKLLIYSASNRYTGVPDRFTGSGSGTDFTLTISNMQSEDLADYFCQQYSSYPLTFGGGTKVEIK,pos
4web,EVQLQQSGAELVKPGASVKLSCTASGFNIKDTYIHWVNQRPEQGLEWIGRIDPANGHTQYDPKFQGKATITADTSSNTAYLQLSSLTSEDTAVYYCATSDYSYALDSWGQGTSVTVSS DIVMTQSPSSLAMSVGQKVTMSCKSSQSLLNSNNQKNYLAWYQQKPGQSPKLLVYFASTRESGVPDRFIGSGSGTDFTLTISSVQAEDLADYFCQQHYSTPYTFGGGTKLEIR,pos
2aju,EVKLSESGPGLVKPSQSLSLTCTVTGYSITTNYAWTWIRQFPGNKLEWMGYIRSSVITRYNPSLKSRISITQDTSKNQFFLQLNSVTTEDTATYYCARYDYYGNTGDYWGQGTSVTVSS DIVITQDELSNPVTSGESVSISCRSSRSLLYKDGRTYLNWFLQRPGQSPQLLIYLMSTRASGVSDRFSGSGSGTDFTLEISRVKAEDVGVYYCQQFVEYPFTFGSGTKLEIK,pos
5tfw,EVQLVESGGGLVKPGGSLRLSCSASGFDFDNAWMTWVRQPPGKGLEWVGRITGPGEGWSVDYAAPVEGRFTISRLNSINFLYLEMNNLRMEDSGLYFCARTGKYYDFWSGYPPGEEYFQDWGRGTLVTVSS SYELTQETGVSVALGDTVTITCEGDSLESHYASWYQKKPGQAPILLFYGKNNRPSGVPDRFSGSASGNEASLTISGAQAEDDAEYYCSSRDKSGSRLSVFGGGTKLTVL,neg
1jp5,EVQLQQSGPELKKPGETVKISCKATNYAFTDYSMHWVKQAPGGDLKYVGWINTETDEPTFADDFKGRFAFSLDTSTSTAFLQINNLKNEDTATYFCVRDRHDYGEIFTYWGQGTTVTVSS DILMTQTPLYLPVSLGDQASISCRSSQTIVHNNGNTYLEWYLQKPGQSPQLLIYKVSNRFSGVPDRFSGSGSGTDFTLKISRVEAEDLGIYYCFQGSHFPPTFGGGTKLEIK,neg
1oaq,EVQLQQSGAELVKPGASVKLSCKASGYTFTSYWMHWVKQRPGRGLEWIGRIDPNGGGTKYNEKFKSKATLTVDKPSSTAYMQLSSLTSEDSAVYYCARMWYYGTYYFDYWGQGTTLTVSS QAVVTQESALTTSPGETVTLTCRSSTGAVTTSNYANWVQEKPDHLFTGLIGGTNNRAPGVPARFSGSLIGNKAALTITGAQTEDEAIYFCALWYSNHLVFGGGTKLTVL,neg
4evn,QVQLVESGAEVKKPGSSVKVSCKASGGPFRSYAISWVRQAPGQGPEWMGGIIPIFGTTKYAPKFQGRVTITADDFAGTVYMELSSLRSEDTAMYYCAKHMGYQVRETMDVWGKGTTVTVSS QSVLTQPPSVSAAPGQKVTISCSGSSSNIGNNYVSWYQQLPGTAPKLLIYDNNKRPSGIPDRFSGSKSGTSATLGITGLQTGDEADYYCGTWDSSLSAYVVFGGGTKLTVL,neg
4g6a,EVQLLEQSGPSLVKPSQTLSLTCSVTGDSITSGYWNWIRKFPGNKLEYMGYISYSGSTYYNLSLRSRISITRDTSKNQYYLQLNSVTTEDTATYYCALITTTTYAMDYWGQGTTVTVSS ELTLTQSPASLAVSLGQRATISCRASESVDGYGNSFLHWFQQKPGQPPKLLIYLASNLNSGVPARFSGSGSRTDFTLTIDPVEADDAATYYCQQNNVDPWTFGGGTKLEIK,neg
4osu,QVQLVQSGAEVRKPGASVKVSCKASGYSLKDHYMVWVRQAPGQGLEWMGWINPQSGGTGYGQKFQGRVTMTRDTSTNTAYMILSSLRSDDTAVYFCARDGAKTVSNSGLSLLYYHNRLDAWGQGTMVTVSS QSVLTQPPSVSAAPGQMVTISCSGSSSNIGKNYVSWYQQLPGAAPKLLIFDNNKRPSGTPDRFSGSKSGTSATLVITGLQTGDEADYYCGTPDRSLSVIFGGGTKVTVL,neg
5ifh,EVQLVESGGGLVKPGGSLRLSCAASGFTFRSYSMNWVRQAPGKGLEWVSSIISSSSYIYYADSVKGRFTISRDNAKNSLYLQMNSLRAEDTALYYCARDQNAMDVWGQGTTVTVSS SYELTQPPSVSVAPGKTARITCAGNNIGSKSVHWYQQKPGQAPVLVIYYDSDRPSGIPERFSGSNSGNTATLTISRVEAGDEADYYCQVWDSGSDHPWVFGGGTKLTVL,neg
2j88,QVTLKESGPGILQPSQTLSLTCSFSGFSLSTSGMGVSWIRQPSGKGLEWLAHIYWDDDKRYNPSLKSRLTISKDTSRNQVFLKITSVDTADTATYYCTLYYGSVDYWGQGTSVTVSS DIQMTQSPASLSASVGETVTITCRASENIYSYLTWYQQKQGKSPQLLVYNAKTLAEGVPSRFSGSGSGTQFSLKISSLQPEDFGNYYCQHHYGTRTFGGGTRLEIK,neg
43c9,QVQLVESGPGLVAPSQSLSITCTVSGISLSRYNVHWVRQSPGKGLEWLGMIWGGGSIEYNPALKSRLSISKDNSKSQIFLKMNSLQTDDSAMYYCVSYGYGGDRFSYWGQGTLVTVS DVVMTQTPSSLAMSVGQKVTMSCKSSQSLLNISNQKNYLAWYQQKPGQSPKLLVYFASTRESGVPDRFIGSGSGTDFTLTISSVQAEDQADYFCQQHYRAPRTFGGGTKLEIK,neg
2dqj,DVQLQESGPSLVKPSQTLSLTCSVTGDSITSDYWSWIRKFPGNRLEYMGYVSYSGSTYYNPSLKSRISITRDTSKNQYYLDLNSVTTEDTATYYCANWDGDYWGQGTLVTVSA DIVLTQSPATLSVTPGNSVSLSCRASQSIGNNLHWYQQKSHESPRLLIKYASQSISGIPSRFSGSGSGTDFTLSINSVETEDFGMYFCQQSNSWPYTFGGGTKLEIK,neg
1g7l,QVQLQESGPGLVAPSQSLSITCTVSGFSLTGYGVNWVRQPPGKGLEWLGMIWGDGNTDYNSALKSRLSISKDNSKSQVFLKMNSLHTDDTARYYCARERDYRLDYWGQGTTLTVSS DIVLTQSPASLSASVGETVTITCRASGNIHNYLAWYQQKQGKSPQLLVYYTTTLADGVPSRFSGSGSGTQYSLKINSLQPEDFGSYYCQHFSSTPRTFGGGTKLEIK,neg
5xcx,DVKLVESGGGLVKPGGSLKLSCAASGFTFSSYTMSWVRQTPEKRLEWVATISSGGSYTYYPDSVKGRFTISRDKAKNTLYLQMGSLKSEDTAMYYCTRIGYDEDYAMDHWGQGTSVTVCS QIVVTQRPTTMAASPGDKIIITCSVSSIISSNYLHWYSQKPGFSPKLLIYRTSNLASGVPPRFSGSGSGTSYSLTIGTMEAEDVATYYCQQGSDIPLTFGDGTKLDLK,neg
6ocb,QVQLEESGPGLVKPSETLSLTCSVSGVSVTSDIYYWTWIRQPPGKGLEWIGYIFYNGDTNYNPSLKSRVTMSIDTSKNEFSLRLTSVTAADTAVYFCARGTEDLGYCSSGSCPNHWGQGTLVTVSS DIVMTQSPSSLSASIGDRVTITCRPSQNIRSFLNWFQHKPGKAPKLLIYAASNLQSGVPSRFSGSGSGTEFTLTIRSLQPEDFATYYCQQSYNTPPTFGQGTKVEIK,pos
5vr9,QVQLVQSGAEVKKPGASVKVSCKASGYTFTSHWMHWVRQAPGQGLEWIGEFNPSNGRTNYNEKFKSKATMTVDTSTNTAYMELSSLRSEDTAVYYCASRDYDYDGRYFDYWGQGTLVTVSS DIQMTQSPSSLSASVGDRVTITCSASSSVTYMYWYQQKPGKAPKLLIYDTSNLASGVPSRFSGSGSGTDYTFTISSLQPEDIATYYCQQWSSHIFTFGQGTKVEIK,neg
3ojd,DIKLVESGPELKKPGETVKISCKASGYIFTNYGMNWVKQAPGKGLKWMGWINTYTGEPTYSDDFKGRFVFSLETSVRTAYLQINNLKNEDLATYFCARERDYGSRYRGYALDFWGQGTTVTVSS DIVMTQTPASLSASVGESVTITCKASGNIHNYLAWYQQKGGKSPQLLVFNASTLADGVPSRFSGSGSGTQYSLKINSLQPEDFGSYYCQHFWSTPFTFGTGTNLEIK,neg
1mfc,EVQVQQSGTVLARPGASVKMSCKASGYTFTNYWMHWIKQRPGQGLEWIGAIYPGNSATFYNHKFRAKTKLTAVTSTITAYMELSSLTNEDSAVYYCTRGGHGYYGDYWGQGASLTVSS QAVVTQESALTTSPGETVTLTCRSSTGTVTSGNHANWVQEKPDHLFTGLIGDTNNRAPGVPARFSGSLIGDKAALTITGAQPEDEAIYFCALWCNNHWIFGGGTKLTVL,neg
1yei,EMQLQQSGAELLRPGTSVKLSCKTSGYIFTSYWIHWVKQRSGQGLEWIARIYPGTGSTYYNEKFKGKATLTADKSSSTAYMQLSTLKSEDSAVYFCTRWGFIPVREDYVMDYWGQGTLVTVSS DIVMTQSPLTLSVTIGQPASISCKSSQSLLYSNGKTYLNWLLQRPGQSPKRLIHLVSKLDSGVPDRITGSGSGTDFTLKISRVEAADLGVYYCVQGTHFPYTFGGGTKLEIL,neg
6jep,EVQLVQSGAEVKKPGASVKVSCKASGYTFTSGHTFPSYDINWVRQATGQGLEWMGWMNPNRGNTGYAQKFQGRVTMTRNTSINTAYMELSSLRSEDTAVYYCARVRSGTNYGSYYYYYYGMDVWGQGTTVTVSS SYELTQPPSASGTPGQRVTISCSGSSSNIGNNYVHWYQQLPGSAPKLLIYRNNQRPSGVPDRFSGSKSGTSGSLAISGLRSEDEADYYCASWDDSLSGHWVFGGGTKVTVL,pos
1p84,EVKLQESGAGLVQPSQSLSLTCSVTGYSITSGYYWNWIRLFPGNKLEWVGYISNVGDNNYNPSLKDRLSITRDTSKNQFFLKLNSVTTEDTATYYCARSEYYSVTGYAMDYWGQGTTVTVSS DIELTQTPVSLAASLGDRVTISCRASQDINNFLNWYQQKPDGTIKLLIYYTSRLHAGVPSRFSGSGSGTDYSLTISNLEPEDIATYFCQHHIKFPWTFGAGTKLEIK,neg
2eks,QVQLQESGPGLMKPSETLSLTCSVSGDSIRSDYWSWIRQPPGKGLEWIGYVSYSGSTYYNPSLKSRVTISVDTSKNRFSLKLNSVTAADTAVYYCARWDGDYWGQGILVTVSS EIVMTQSPATLSVSPGERATLSCRASQSIGNNLHWYQQKPGQAPRLLIYYASQSISGIPARFSGSGSGTEFTLTISSLQSEDFAVYYCQQSNSWPYTFGGGTKVEIK,neg
5lbs,EVQLVESGGGLVQPGGSLRLSCSASGFTFSTYSMHWVRQAPGKGLEYVSAITGEGDSAFYADSVKGRFTISRDNSKNTLYFEMNSLRPEDTAVYYCVGGYSNFYYYYTMDVWGQGTTVTVSS EIVLTQSPATLSLSPGERATLSCRASQSISTFLAWYQHKPGQAPRLLIYDASTRATGVPARFSGSRSGTDFTLTISTLEPEDFAVYYCQQRYNWPPYTFGQGTKVEIK,neg
1u8n,RITLKESGPPLVKPTQTLTLTCSFSGFSLSDFGVGVGWIRQPPGKALEWLAIIYSDDDKRYSPSLNTRLTITKDTSKNQVVLVMTRVSPVDTATYFCAHRRGPTTLFGVPIARGPVNAMDVWGQGITVTISS ALQLTQSPSSLSASVGDRITITCRASQGVTSALAWYRQKPGSPPQLLIYDASSLESGVPSRFSGSGSGTEFTLTISTLRPEDFATYYCQQLHFYPHTFGGGTRVDVR,neg
6cnr,QVQLVESGGGVVQPGRSLRLSCAASGFAFSSYGMHWVRQAPGKGLEWVAVIWFDGTKKYYTDSVKGRFTISRDNSKNTLYLQMNTLRAEDTAVYYCARDRGIGARRGPYYMDVWGKGTTVTVSS DIQMTQSPSSLSASVGDRVTITCRASQSISSYLNWYQQKPGKAPKLLIYAASSLQSGVPSRFSGSGSGTDFTLTISSLQPEDFATYYCQQSYSTPLTFGGGTKVEIK,pos
5kvf,EVQLQQPGAELVKPGASVKLSCKASGYTFTSSWMHWVKQRPGQGLEWIGMIHPNSGSTNYNEKFKNKATLTVDKSSSTAYMQLSSLTSEDSAVYYCARYYYDYDGMDYWGQGTSVTVSS DIVMSQSPSSLAVSVGEKVTMSCKSSQSLLYSSNQKNYLAWYQQKPGQSPKLLIYWASTRESGVPDRFTGSGSGTDFTLTISSVKAEDLAVYYCQQYYTYPYTFGGGTKLEIN,pos
6elj,EVQLVESGGGLVQPGGSLRLSCATSGFDFSRYWMSWVRQAPGKGLVWIGEVNPDSTSINYTPSLKDQFTISRDNAKNTLYLQMNSLRAEDTAVYYCTRPNYYGSRYHYYAMDYWGQGTLVTVSS DIQMTQSPSSLSASVGDRVTITCRASQDINNYLNWYQQKPGKAPKLLIYYTSRLHSGVPSRFSGSGSGTDFTFTISSLQPEDIATYYCQQGSTLPFTFGQGTKLEIK,pos
2q8b,EVQLQQSGAELLRPGASVKLSCIVSGFKIKDTSMHWVKQRPEQGLEWIGRIDPANDNSEYDPKFQGKATITADTSSNTAYLQLSSLTSEDTAVYYCTLSHFWGQGTTLTVSS SIVMTQTPKFLPVSAGDRVTIICKASQSVSNDVVWYQQKPGQSPKLLIYYASIRYTGVPDRFTGSGYGTDFTFTISTVQVEDLAVYFCQQGFSSPRTFGGGTKLEIN,neg
1vge,VKLLEQSGAEVKKPGASVKVSCKASGYSFTSYGLHWVRQAPGQRLEWMGWISAGTGNTKYSQKFRGRVTFTRDTSATTAYMGLSSLRPEDTAVYYCARDPYGGGKSEFDYWGQGTLVTVSS ELVMTQSPSSLSASVGDRVNIACRASQGISSALAWYQQKPGKAPRLLIYDASNLESGVPSRFSGSGSGTDFTLTISSLQPEDFAIYYCQQFNSYPLTFGGGTKVEIK,pos
1iqd,QVQLVQSGAEVKKPGASVKVSCKVSGYTLTELPVHWVRQAPGKGLEWVGSFDPESGESIYAREFQGSVTMTADTSTNIAYMELSSLRSDDTAVYYCAVPDPDAFDIWGQGTMVTVSS IALTQSPGTLSLSPGERATLSCRASQSFSSSYLAWYQQKPGQAPRLLIYGASTRATGIPDRFSGSGSGTDFTLTISRLEPEDFAVYYCQKYGTSAITFGQGTRLEIK,pos
1y0l,EVKLLESGGGLAQPGGSLKLSCAASGFDFRRYWMTWVRQAPGKGLEWIGEINPDSRTINYMPSLKDKFIISRDNAKNSLYLQLSRLRSEDSALYYCVRLDFDVYNHYYVLDYWGQGTSVTVSS ELVVTQESALTTSPGETVTLTCRSSSGAVTTSNYATWVQEKPDHLFTGLIGGTNKRAPGVPARFSGSLIGDRAALTITGAQTEDEAIYFCALWNSNHLVFGGGTKLEIK,neg
5d7s,QVQLVESGGGLVQPGGSLRLSCAASGFTFSSYWMNWVRQAPGKGLEWVSGIENKYAGGATYYAASVKGRFTISRDNSKNTLYLQMNSLRAEDTAVYYCARGFGTDFWGQGTLVTVSS DIELTQPPSVSVAPGQTARISCSGDSIGKKYAYWYQQKPGQAPVLVIYKKRPSGIPERFSGSNSGNTATLTISGTQAEDEADYYCSAWGDKGMVFGGGTKLTVL,neg
2pcp,EVQLQQSGPELVKPGASVKMSCKASGYTFTDYYIHWNKQSHGKSLEWIGYIYPNNGGNGYNHKFKGKATLTVDKSSSTAYMDVRTLTSEDSAVYYCGRSTWDDFDYWGQGTTLTVSS DVLMTQTPLSLPVSLGDQASISCRSSQTIVHSNGNTYLEWYLQKPGQSPKLLIYKVTNRFSGVPDRFSGSGSGTDFTLKISRVEAEDLGVYYCFQGTHAPYTFGGGTKLEIK,neg
4tqe,EVQLQQSGAEIVRSGASVKLSCAASGFNIKDYYMHWVKQRPEQGLEWIGWIDPENGDIAYAPKFQGKATMTADTSSNTAYLQLSRLTSEDTAVYFCNGRGGMITTDFFDYWGQGTTLTVSS DVLMTQTPLSLPVSLGDQASISCRSSQSIVHSNGNTYLEWYLQKPGQSPKLLIYKVSNRFSGVPDRFSGSGSGTDFTLKISRVEAEDLGVYYCFQGSHVPWTFGGGTKLEIK,neg
1jfq,EVQLQQSGVELVRAGSSVKMSCKASGYTFTSNGINWVKQRPGQGLEWIGYNNPGNGYITYNEKFKGKTTLTVDKSSNTAYMQLRSLTSEDSAVYFCARSEYYGGSYKFDYWGQGTTLTVSS DIQMTQIPSSLSASLGDRVSISCRASQDINNFLNWYQQKPDGTIKLLIYFTSRSQSGVPSRFSGSGSGTDYSLTISNLEQEDIATYFCQQGNALPRTFGGGTKLEIK,neg
3dvg,EVQLVESGGGLVQPGGSLRLSCAASGFNVKTGLIHWVRQAPGKGLEWVAYITPYYGSTSYADSVKGRFTISADTSKNTAYLQMNSLRAEDTAVYYCAREYYRWYTAIDYWGQGTLVTVSS DIQMTQSPSSLSASVGDRVTITCRASQSVSSAVAWYQQKPGKAPKLLIYSARSLYSGVPSRFSGSRSGTDFTLTISSLQPEDFATYYCQQYSSYSSLFTFGQGTKVEIK,neg
5i30,DVQLKQSGPGLVQPSQSLSITCTVSGFSLIDYGVHWVRQSPGKGLEWLGVIWTGGSTDYNAAFISRLTISKDNSKSQVFFKMNSLQANDTGIYYCGRPYYGNVMDYWGQGTSVTVSS DIQMTQTTSSLSASLGDRVTISCRASQDISNYLNWYQQKPDGTVKLLIYYTSRLHSGVPSRFSGSGSGTDYSLTISNLEQEDIATYFCQQGNTFPPTFGGGTKLEIK,neg
5mv4,EVKLEESGGGLVQPGGSMKLSCAASGFTFSDAWMDWVRQSPEKGLEWVAEIRNKVNNHATNYAESVKGRFTISRDDSRSVVYLQMNNLKPEDTGIYYCTGLTFDYWGQGTTLTVSS DIVLTQSPASLAVSLGQRATISCRASESVDNYGISSMNWFQQKAGQPPKFLIYAASKQGSGVPARFSGSGSGTDFSLIIHPVEEDDTAVYFCQQSKGVPYTFGGGTKLEIK,neg
4xvs,QVQLLQSGAQVKKTGASMRISCKTSGYTFLNCPINWVRQAPGRGLEWMGWMKPRGGAVNYPQKFQGRVTMTRDMSTDTAFLDMSNLRSDDTAVYFCARGKYCTASDYYNWDFEHWGRGTLVTVSS EIVLTQSPGTLSLSPGERATLSCRTSQYGSLAWYQQRPGQAPRLVIYGGSSRATGIPDRFTGSRSGADYTLTINRLEPEDFGIYYCQQYEFFGQGTKVEVD,neg
1op3,EVQLVESGGGLVKAGGSLILSCGVSNFRISAHTMNWVRRVPGGGLEWVASISTSSTYRDYADAVKGRFTVSRDDLEDFVYLQMHKMRVEDTAIYYCARKGSDRLSDNDPFDAWGPGTVVTVSP VVMTQSPSTLSASVGDTITITCRASQSIETWLAWYQQKPGKAPKLLIYKASTLKTGVPSRFSGSGSGTEFTLTISGLQFDDFATYHCQHYAGYSATFGQGTRVEIKRTV,neg
3mlx,QVQLQESGPGLVKPSETLSLTCTVSGGSISGFHWSWIRQPPGKGLEYIGYIYYSGSTSYNPSLKSRVSMSVDTSRNQFSLELSSVTAADTAVYYCARDFGEYHYDGRGFQCEGFDLWGQGTLVTVSS SVLTQPPSVSAAPGQKVTISCSGSSSNIGNNMVSWYQQHPGTAPKLLIYENSKRPSGIPDRFSGSRSGTSATLGIIGLQTGDEAEYYCATWDGSLRTVFGGGTKLTVL,neg
4hjj,EVQLVQSGTEVKKPGESLKISCKGSGYTVTSYWIGWVRQMPGKGLEWMGFIYPGDSETRYSPTFQGQVTISADKSFNTAFLQWSSLKASDTAMYYCARVGSGWYPYTFDIWGQGTMVTVSS EIVMTQSPATLSVSPGERATLSCRASESISSNLAWYQQKPGQAPRLFIYTASTRATDIPARFSGSGSGTEFTLTISSLQSEDFAVYYCQQYNNWPSITFGQGTRLEIK,neg
2r2b,EVKLVESGGGLVQSGGSLRLSCATSGFTFTDYYMSWVRQPPGKALEWLGFIRNKANGYTTEYSPSVKGRFTISRDNSQSILYLQMNTLRAEDSATYYCARDHDGYYERFSYWGQGTLVTVSA DIVMSQSPSSLAVSAGEKVTMSCKSSQSLLNSRTRKNYLAWYQQKPGQSPKLLIYWASTRESGVPDRFTGSGSGTDFTLTITSVQAEDLAVYYCKQSYNLRTFGGGTKLEIK,pos
6bqb,EVQLVESGGGVVQPGRSLRLSCAASGFRFSDYGMHWVRQAPGKGLEWVALIWYDGSNESYLDSVKGRFTISRDNSKNTLYLQMNNLRTEDTAVYYCAKLLVGITTDVFDVWGQGTVVTVSS DIVMTQSPDSLAVSLGERATINCRSSQSVLSSSNNKNYLAWYQHKPRQPPKLLIYWASTRESGVPDRFSGSGSGTDFTLTISSLQAEDVAVYYCQQYYTASPFFGGGTKVEIK,neg
2dqt,EVKLVESGGGLVKPGGSLKLSCAASGFTFSNYAMSWVRQTPEKRLEWVVSISSGGSIYYLDSVKGRFTVSRDNARNILYLQMTSLRSEDTAMYFCARVSHYDGSRDWYFDVWGAGTSVTVSS DVLMTQTPLSLPVSLGDQASISCRSSQTIVHSNGDTYLDWFLQKPGQSPKLLIYKVSNRFSGVPDRFSGSGSGTDFTLKISRVEAEDLGVYYCFQGSHVPPTFGGGTKLEIK,neg
5vjq,DVQLQESGPSLVKPSQTLSLTCSVTGDSFTSDYWSWIRKFPGNRLEYMGYVTFSGSTYYNPSLKSRISITRDTSKNQYYLDLNSVTTEDTATYYCANWDGDYWGQGTLVTVSA DIVLTQSPATLSVTPGNSVSLSCRASQSIGNNLHWYQQKSHESPRLLIKYASQSISGIPSRFSGSGSGTDFTLSINSVETEDFGMYFCQQSNSWPYTFGGGTKLEIK,pos
5esa,QVQLVQSGAEVKKPGSSVKVSCEASGGTLSNYVITWVRQAPGQGLEWMGGFIPTFRTAMYAQGFQGRVTITADESTSIAYMELTNLRSEDTAVYYCARGPLSRGYYDYWGQGTLVTVSS SYVLTQPPSVSVAPGKTARITCGGNNIGSKSVHWYQQKPGQAPVLVVYDDSDRPSGIPERFSGSNSGNTATLTISRVEAGDEADYYCQVWDSSSVVFGGWTKLTVL,neg
1iqw,QVQLQQPGAELVKPGASVKLSCKASGYTFTSYWMQWVKQRPGQGLEWIGEIDPSDSYTNYNQKFKGKATLTVDTSSSTAYMQLSSLTSEDSAVYYCARNRDYSNNWYFDVWGTGTTVTVSS DIVLTQSPASLAVSLGQRATISCKASQSVDYDGDSYMNWYQQKPGQPPKLLIYAASNLESGIPARFSGSGSGTDFTLNIHPVEEEDAATYYCQQSNEDPRTFGGGTKLEIK,pos
3skj,EVQLLESGGGLVQPGGSLRLSCAASGFTFSHYMMAWVRQAPGKGLEWVSRIGPSGGPTHYADSVKGRFTISRDNSKNTLYLQMNSLRAEDTAVYYCAGYDSGYDYVAVAGPAEYFQHWGQGTLVTVSS DIQMTQSPSSLSASVGDRVTITCRASQSISTWLAWYQQKPGKAPKLLIYKASNLHTGVPSRFSGSGSGTEFSLTISGLQPDDFATYYCQQYNSYSRTFGQGTKVEIK,neg
1qlr,EVQLQQWGAGLLKPSETLSLTCAVYGGSFSDYYWSWIRQPPGKGLEWIGEINHSGSTNYNPSLKSRVTISVDTSKNQFSLKLSSVTAADTAVYYCARPPHDTSGHYWNYWGQGTLVTVSS EIVLTQSPATLSLSPGERATLSCGASQSVSSNYLAWYQQKPGQAPRLLIYDASSRATGIPDRFSGSGSGTDFTLTISRLEPEDFAVYYCQQYGSSPLTFGGGTKVEIK,pos
4wv1,EVQLVESGGGLVQPGGSLRLSCAASGFTFTSTGISWVRQAPGKGLEWVGRTHLGDGSTNYADSVKGRFTISADTSKNTAYLQMNSLRAEDTAVYYCARTYGIYDLYVDYTEYVMDYWGQGTLVTVSS DIQMTQSPSSLSASVGDRVTITCRASQDVDTSLAWYKQKPGKAPKLLIYSASFLYSGVPSRFSGSGSGTDFTLTISSLQPEDFATYYCQQSTGHPQTFGQGTKVEIK,neg
3qos,EVQLLESGGGLVQPGGSLRLSCAASGFTFSSYAMSWVRQAPGKGLEWVSAISGSGGSTYYADSVKGRFTISRDNSKNTLYLQMNSLRAEDTAVYYCAKYDGIYGELDFWGQGTLVTVSS DIVMTQSPDSLAVSLGERATINCKSSQSVLYSSNNKNYLAWYQQKPGQPPKLLIYWASTRESGVPDRFSGSGSGTDFTLTISSLQAEDVAVYYCQQYYSTPLTFGQGTKVEIKRTV,neg
6b3k,EVQLVESGGGLVQPGGSLRLSCAASGFYISYSSIHWVRQAPGKGLEWVASISPYSGSTYYADSVKGRFTISADTSKNTAYLQMNSLRAEDTAVYYCARQGYRRRSGRGFDYWGQGTLVTVSS DIQMTQSPSSLSASVGDRVTITCRASQSVSSAVAWYQQKPGKAPKLLIYSASSLYSGVPSRFSGSRSGTDFTLTISSLQPEDFATYYCQQSYSFPSTFGQGTKVEIK,pos
4yhk,QVQLVQSGAEVKKPGASVKVSCKASGYTFTDYYMHWVRQAPGQGLEWMGETNPRNGGTTYNEKFKGKATMTRDTSTSTAYMELSSLRSEDTAVYYCTIGTSGYDYFDYWGQGTLVTVSS DIVMTQTPLSLSVTPGQPASISCRSSQSIVHSDGNIYLEWYLQKPGQSPKLLIYKVSYRFSGVPDRFSGSGSGTDFTLKISRVEAEDVGVYYCFQASHVPYTFGQGTKLEIK,pos
1fns,QVQLKESGPGLVAPSQSLSITCTVSGFSLTDYGVDWVRQPPGKGLEWLGMIWGDGSTDYNSALKSRLSITKDNSKSQVFLKMNSLQTDDTARYYCVRDPADYGNYDYALDYWGQGTSVTVSS DIQMTQSPSSLSASLGDRVTISCSASQDINKYLNWYQQKPDGAVKLLIFYTSSLHSGVPSRFSGSGSGTDYSLTISNLEPEDIATYYCQQYEKLPWTFGGGTKLEVK,neg
5zv3,QVQLQQSGAEVKKPGESLKISCEASGYSFTNYWIGWVRQMPGKGLEWMGIIYPGDSDTRYSPPFQGQVTITADRSITTAYLEWSSLKASDTAMYYCARVGRPSKGGWFDPWGQGTLVTVSS DIQMTQSPDSLAVSLGERATINCESSQTLLYSSNEKNYLAWYQQKPGQPPKLLISWASTPESGVPDRFSGSGSGTSFTLTISSLQAEDVAVYYCQQYYNSPYTFGQGTRLEIK,pos
3cfk,EVKLLESGGGLAQPGGSLKLSCAASGFDFRRYWMTWVRQAPGKGLEWIGEINPDSRTINYMPSLKDKFIISRDNAKNSLYLQLSRLRSEDSALYYCVRLDFDVYNHYYVLDYWGQGTSVTVSS ELVVTQESALTTSPGETVTLTCRSSSGAVTTSNYATWVQEKPDHLFTGLIGGTNKRAPGVPARFSGSLIGDRAALTITGAQTEDEAIYFCALWNSNHLVFGGGTKLEIK,neg
1nl0,GVQLVESGGGVVQPGRSLRLSCAASGFTFSTYAMHWVRQAPGKGLEWVAIISYDGSKKYYADSVKGRFTISRDNSKNTLYLQMNSLRAEDTAVYYCARASIAAARVLDYWGRGTMVTVSS QSVLTQPPSVSAAPGQKVTISCSGSTSNIGNNYVSWYQQHPGKAPKLMIYDVSKRPSGVPDRFSGSKSGNSASLDISGLQSEDEADYYCAAWDDSLSEFLFGTGTKLTVL,neg
3nid,EVQLQQSGAELVKPGASVKLSCTASGFNIKDTYVHWVKQRPEQGLEWIGRIDPANGYTKYDPKFQGKATITADTSSNTAYLQLSSLTSEDTAVYYCVRPLYDYYAMDYWGQGTSVTVSS DILMTQSPSSMSVSLGDTVSITCHASQGISSNIGWLQQKPGKSFMGLIYYGTNLVDGVPSRFSGSGSGADYSLTISSLDSEDFADYYCVQYAQLPYTFGGGTKLEIK,neg
6dcv,QVQLVESGPEMRKPGESLKISCKTSGYIFSDYWTAWVRQLPGKGLQWMGIIYSGDSDTRYHPSVQGHVTMSTDSSLTTAYLQWSSLKASDTGIYYCARLDARVDAGWQLDSWGQGTLVTVSS DIQLTQSPDSLAVSLGERATINCKSSQSVFSRDNNKNYLAWYQHKSGQPPKLLFFWASSRESGVSDRFSGSGSGTDFTLTIDNLQAEDVALYYCQHYFNTPHNFGQGTKLEIK,pos
5f72,EVQLVESGGGLVQPGGSLRLSCAASGFAISASSIHWVRQAPGKCLEWVASIDPETGETLYAKSVAGRFTISADTSKNTAYLQMNSLRAEDTAVYYCARAYAGDGVYYADVWGQGTLVTVSS DIQMTQSPSSLSASVGDRVTITCRASQSVSSAVAWYQQKPGKAPKLLIYSASSLYSGVPSRFSGSRSGTDFTLTISSLQPEDFATYYCQQSYSFPSTFGCGTKVEIK,neg
2fjg,EVQLVESGGGLVQPGGSLRLSCAASGFTISDYWIHWVRQAPGKGLEWVAGITPAGGYTYYADSVKGRFTISADTSKNTAYLQMNSLRAEDTAVYYCARFVFFLPYAMDYWGQGTLVTVSS DIQMTQSPSSLSASVGDRVTITCRASQDVSTAVAWYQQKPGKAPKLLIYSASFLYSGVPSRFSGSGSGTDFTLTISSLQPEDFATYYCQQSYTTPPTFGQGTKVEIK,neg
5i8c,QEVLVQSGAEVKKPGASVKVSCRAFGYTFTGNALHWVRQAPGQGLEWLGWINPHSGDTTTSQKFQGRVYMTRDKSINTAFLDVTRLTSDDTGIYYCARDKYYGNEAVGMDVWGQGTSVTVSS DIQLTQSPSFLSASVGDKVTITCRASQGVRNELAWYQQKPGKAPNLLIYYASTLQSGVPSRFSATGSGTHFTLTVSSLQPEDFATYFCQHMSSYPLTFGGGTKVEIK,pos
6ejg,QVQLQQSGPELVKPGASVKISCKASGYTFSSSWMNWVKQRPGKGLEWIGRIYSGDGDAIYNGKFKGKATLTADKSSSTAYMQLSSLTSEDSAVYFCAREGKTGDLLLRSWGQGSALTVSS DIVLTQSPASLSVSLGQRATISCRASKSVSTSIYSYMHWYQQKPGQPPKLLIKYASYLESGVPARFSGSGSGTDFTLNIHPVEEEDAATYYCEHSREFPFTFGTGTKLEIK,neg
2iff,VQLQQSGAELMKPGASVKISCKASGYTFSDYWIEWVKQRPGHGLEWIGEILPGSGSTNYHERFKGKATFTADTSSSTAYMQLNSLTSEDSGVYYCLHGNYDFDGWGQGTTLTVSS DIVLTQSPAIMSASPGEKVTMTCSASSSVNYMYWYQQKSGTSPKRWIYDTSKLASGVPVRFSGSGSGTSYSLTISSMETEDAATYYCQQWGRNPTFGGGTKLEIK,neg
